46
1
3
5
7
2
4
6
8
0
9
4627
4628
10
12
14
16
11
13
15
17
18
4631
4632
19
21
4624
20
22
26
27
4633
28
29
4637
30
31
36
38
4638
40
42
37
39
41
43
35
44
4645
4646
53
54
4642
48
50
4643
47
49
51
45
52
4649
4650
55
56
4647
61
63
58
59
60
62
57
64
4655
4656
68
70
65
66
67
69
71
4658
4659
72
74
4653
73
75
79
80
4660
81
82
4664
83
84
92
94
89
90
4665
91
93
88
95
4671
4672
102
103
4669
97
99
4670
98
100
96
101
4674
4675
104
105
4673
110
112
107
108
109
111
106
113
4680
4681
117
119
114
115
116
118
120
4683
4684
6952
121
123
4678
6954
122
124
6956
128
129
4685
130
131
4689
132
133
141
143
138
139
4690
140
142
137
144
4696
4697
151
152
4694
146
148
4695
147
149
145
150
4699
4700
6958
153
154
4698
159
161
156
157
158
160
155
162
4705
4706
166
168
163
164
165
167
169
4708
4709
6960
170
172
4703
6962
171
173
6964
177
178
4710
179
180
4714
181
182
190
192
187
188
4715
189
191
186
193
4721
4722
200
201
4719
195
197
4720
196
198
194
199
4724
4725
6966
202
203
4723
208
210
205
206
207
209
204
211
4730
4731
215
217
212
213
214
216
218
4733
4734
6968
219
221
4728
6970
220
222
6972
226
227
4735
228
229
4739
230
231
239
241
236
237
4740
238
240
235
242
4746
4747
249
250
4744
244
246
4745
245
247
243
248
4749
4750
6974
251
252
4748
257
259
254
255
256
258
253
260
4755
4756
264
266
261
262
263
265
267
4758
4759
6976
268
270
4753
6978
269
271
6980
275
276
4760
277
278
4764
279
280
288
290
6982
285
286
4765
287
289
284
291
4771
4772
298
299
4769
293
295
4770
294
296
292
297
4774
4775
6984
300
301
4773
306
308
303
304
305
307
302
309
4780
4781
313
315
6986
310
311
312
314
316
4783
4784
6988
317
319
4778
6990
318
320
6992
324
325
4785
326
327
4789
328
329
337
339
6994
334
335
4790
336
338
333
340
4796
4797
347
348
4794
342
344
4795
343
345
341
346
4799
4800
6996
349
350
4798
355
357
4626
352
353
354
356
351
358
4805
4806
362
364
4630
359
360
361
363
365
4808
4809
6998
366
368
4803
7000
367
369
7002
373
374
4810
375
376
4814
377
378
386
388
4644
383
384
4815
385
387
382
389
4821
4822
396
397
4819
391
393
4820
392
394
4648
390
395
4824
4825
7004
398
399
4823
403
405
401
402
404
406
400
407
4830
4831
410
412
408
409
411
413
414
4833
4834
7006
415
417
4828
7008
416
418
7010
422
423
4835
424
425
4839
426
427
448
450
4840
452
454
7012
449
451
453
455
447
456
4855
4856
465
467
4852
460
462
4853
458
459
461
463
457
464
4859
4860
7014
469
471
4857
482
484
483
485
481
486
4870
4871
487
489
488
490
491
4872
4873
7016
492
494
4869
7018
493
495
7020
499
500
4874
501
502
4878
503
504
528
530
7022
525
526
4879
527
529
524
531
4893
4894
538
540
4891
533
535
4892
534
536
532
537
4896
4897
7024
542
544
4895
555
557
556
558
554
559
4907
4908
560
562
561
563
564
4909
4910
7026
565
567
4906
7028
566
568
7030
572
573
4911
574
575
4915
576
577
601
603
598
599
4916
600
602
597
604
4930
4931
611
613
4928
606
608
4929
607
609
605
610
4933
4934
7032
615
617
4932
628
630
629
631
627
632
4944
4945
633
635
634
636
637
4946
4947
7034
638
640
4943
7036
639
641
7038
645
646
4948
647
648
4952
649
650
674
676
671
672
4953
673
675
670
677
4967
4968
684
686
4965
679
681
4966
680
682
678
683
4970
4971
7040
688
690
4969
701
703
702
704
700
705
4981
4982
706
708
707
709
710
4983
4984
7042
711
713
4980
7044
712
714
7046
718
719
4985
720
721
4989
722
723
747
749
744
745
4990
746
748
743
750
5004
5005
757
759
5002
752
754
5003
753
755
751
756
5007
5008
7048
761
763
5006
774
776
775
777
773
778
5018
5019
779
6983
781
780
782
783
5020
5021
7050
784
786
5017
7052
785
787
7054
791
792
5022
793
794
5026
795
796
820
822
7056
817
818
5027
819
821
816
823
5041
5042
830
832
5039
825
827
5040
826
828
824
829
5044
5045
7058
834
836
5043
847
6987
849
848
850
846
851
5055
5056
852
7060
6995
854
853
855
856
5057
5058
7062
857
859
5054
7064
858
860
7066
864
865
5059
866
867
5063
868
869
893
895
7068
890
891
5064
892
894
889
896
5078
5079
903
905
5076
898
900
5077
899
901
897
902
5081
5082
7070
907
909
5080
920
922
921
923
4829
919
924
5092
5093
925
927
926
928
4832
929
5094
5095
7072
930
932
5091
7074
931
933
7076
937
938
5096
939
940
5100
941
942
966
968
4854
963
964
5101
965
967
962
969
5115
5116
976
978
5113
971
973
5114
972
974
4858
970
975
5118
5119
7078
980
982
5117
995
997
993
994
996
998
992
999
5130
5131
1002
7013
1004
1000
1001
1003
1005
1006
5133
5134
7080
1007
1009
5128
7082
1008
1010
7084
1014
1015
5135
1016
1017
5139
1018
1019
1040
1042
5140
1044
1046
1041
1043
1045
1047
1039
1048
5155
5156
1057
1059
5152
1052
1054
5153
1050
1051
1053
1055
1049
1056
5159
5160
7086
1061
1063
5157
1074
1076
1075
1077
1073
1078
5170
5171
1079
7088
7023
1081
1080
1082
1083
5172
5173
7090
1084
1086
5169
7092
1085
1087
7094
1091
1092
5174
1093
1094
5178
1095
1096
1120
1122
7096
1117
1118
5179
1119
1121
1116
1123
5193
5194
1130
1132
5191
1125
1127
5192
1126
1128
1124
1129
5196
5197
7098
1134
1136
5195
1147
1149
1148
1150
1146
1151
5207
5208
1152
1154
1153
1155
1156
5209
5210
7100
1157
1159
5206
7102
1158
1160
7104
1164
1165
5211
1166
1167
5215
1168
1169
1193
1195
1190
1191
5216
1192
1194
1189
1196
5230
5231
1203
1205
5228
1198
1200
5229
1199
1201
1197
1202
5233
5234
7106
1207
1209
5232
1220
1222
1221
1223
1219
1224
5244
5245
1225
1227
1226
1228
1229
5246
5247
7108
1230
1232
5243
7110
1231
1233
7112
1237
1238
5248
1239
1240
5252
1241
1242
1266
1268
1263
1264
5253
1265
1267
1262
1269
5267
5268
1276
1278
5265
1271
1273
5266
1272
1274
1270
1275
5270
5271
7114
1280
1282
5269
1293
1295
1294
1296
1292
1297
5281
5282
1298
1300
1299
1301
1302
5283
5284
7116
1303
1305
5280
7118
1304
1306
7120
1310
1311
5285
1312
1313
5289
1314
1315
1339
1341
1336
1337
5290
1338
1340
1335
1342
5304
5305
1349
1351
5302
1344
1346
5303
1345
1347
1343
1348
5307
5308
7122
1353
1355
5306
1366
1368
1367
1369
1365
1370
5318
5319
1371
7057
1373
1372
1374
1375
5320
5321
7124
1376
1378
5317
7126
1377
1379
7128
1383
1384
5322
1385
1386
5326
1387
1388
1412
1414
7130
1409
1410
5327
1411
1413
1408
1415
5341
5342
1422
1424
5339
1417
1419
5340
1418
1420
1416
1421
5344
5345
7132
1426
1428
5343
1439
7061
1441
1440
1442
1438
1443
5355
5356
1444
7134
7069
1446
1445
1447
1448
5357
5358
7136
1449
1451
5354
7138
1450
1452
7140
1456
1457
5359
1458
1459
5363
1460
1461
1485
1487
7142
1482
1483
5364
1484
1486
1481
1488
5378
5379
1495
1497
5376
1490
1492
5377
1491
1493
1489
1494
5381
5382
7144
1499
1501
5380
1512
1514
1513
1515
5129
1511
1516
5392
5393
1517
1519
1518
1520
5132
1521
5394
5395
7146
1522
1524
5391
7148
1523
1525
7150
1529
1530
5396
1531
1532
5400
1533
1534
1558
1560
5154
1555
1556
5401
1557
1559
1554
1561
5415
5416
1568
1570
5413
1563
1565
5414
1564
1566
5158
1562
1567
5418
5419
7152
1572
1574
5417
1587
1589
1585
1586
1588
1590
1584
1591
5430
5431
1594
1596
1592
1593
1595
1597
1598
5433
5434
7154
1599
1601
5428
7156
1600
1602
7158
1606
1607
5435
1608
1609
5439
1610
1611
1632
1634
5440
1636
1638
1633
1635
1637
1639
1631
1640
5455
5456
1649
1651
5452
1644
1646
5453
1642
1643
1645
1647
1641
1648
5459
5460
7160
1653
1655
5457
1666
7089
1668
1667
1669
1665
1670
5470
5471
1671
7162
7097
1673
1672
1674
1675
5472
5473
7164
1676
1678
5469
7166
1677
1679
7168
1683
1684
5474
1685
1686
5478
1687
1688
1712
1714
7170
1709
1710
5479
1711
1713
1708
1715
5493
5494
1722
1724
5491
1717
1719
5492
1718
1720
1716
1721
5496
5497
7172
1726
1728
5495
1739
1741
1740
1742
1738
1743
5507
5508
1744
1746
1745
1747
1748
5509
5510
7174
1749
1751
5506
7176
1750
1752
7178
1756
1757
5511
1758
1759
5515
1760
1761
1785
1787
1782
1783
5516
1784
1786
1781
1788
5530
5531
1795
1797
5528
1790
1792
5529
1791
1793
1789
1794
5533
5534
7180
1799
1801
5532
1812
1814
1813
1815
1811
1816
5544
5545
1817
1819
1818
1820
1821
5546
5547
7182
1822
1824
5543
7184
1823
1825
7186
1829
1830
5548
1831
1832
5552
1833
1834
1858
1860
1855
1856
5553
1857
1859
1854
1861
5567
5568
1868
1870
5565
1863
1865
5566
1864
1866
1862
1867
5570
5571
7188
1872
1874
5569
1885
1887
1886
1888
1884
1889
5581
5582
1890
1892
1891
1893
1894
5583
5584
7190
1895
1897
5580
7192
1896
1898
7194
1902
1903
5585
1904
1905
5589
1906
1907
1931
1933
1928
1929
5590
1930
1932
1927
1934
5604
5605
1941
1943
5602
1936
1938
5603
1937
1939
1935
1940
5607
5608
7196
1945
1947
5606
1958
1960
1959
1961
1957
1962
5618
5619
1963
7131
1965
1964
1966
1967
5620
5621
7198
1968
1970
5617
7200
1969
1971
7202
1975
1976
5622
1977
1978
5626
1979
1980
2004
2006
7204
2001
2002
5627
2003
2005
2000
2007
5641
5642
2014
2016
5639
2009
2011
5640
2010
2012
2008
2013
5644
5645
7206
2018
2020
5643
2031
7135
2033
2032
2034
2030
2035
5655
5656
2036
7208
7143
2038
2037
2039
2040
5657
5658
7210
2041
2043
5654
7212
2042
2044
7214
2048
2049
5659
2050
2051
5663
2052
2053
2077
2079
7216
2074
2075
5664
2076
2078
2073
2080
5678
5679
2087
2089
5676
2082
2084
5677
2083
2085
2081
2086
5681
5682
7218
2091
2093
5680
2104
2106
2105
2107
5429
2103
2108
5692
5693
2109
2111
2110
2112
5432
2113
5694
5695
7220
2114
2116
5691
7222
2115
2117
7224
2121
2122
5696
2123
2124
5700
2125
2126
2150
2152
5454
2147
2148
5701
2149
2151
2146
2153
5715
5716
2160
2162
5713
2155
2157
5714
2156
2158
5458
2154
2159
5718
5719
7226
2164
2166
5717
2179
2181
2177
2178
2180
2182
2176
2183
5730
5731
2186
2188
2184
2185
2187
2189
2190
5733
5734
7228
2191
2193
5728
7230
2192
2194
7232
2198
2199
5735
2200
2201
5739
2202
2203
2224
2226
5740
2228
2230
2225
2227
2229
2231
2223
2232
5755
5756
2241
2243
5752
2236
2238
5753
2234
2235
2237
2239
2233
2240
5759
5760
7234
2245
2247
5757
2258
7163
2260
2259
2261
2257
2262
5770
5771
2263
7236
7171
2265
2264
2266
2267
5772
5773
7238
2268
2270
5769
7240
2269
2271
7242
2275
2276
5774
2277
2278
5778
2279
2280
2304
2306
7244
2301
2302
5779
2303
2305
2300
2307
5793
5794
2314
2316
5791
2309
2311
5792
2310
2312
2308
2313
5796
5797
7246
2318
2320
5795
2331
2333
2332
2334
2330
2335
5807
5808
2336
2338
2337
2339
2340
5809
5810
7248
2341
2343
5806
7250
2342
2344
7252
2348
2349
5811
2350
2351
5815
2352
2353
2377
2379
2374
2375
5816
2376
2378
2373
2380
5830
5831
2387
2389
5828
2382
2384
5829
2383
2385
2381
2386
5833
5834
7254
2391
2393
5832
2404
2406
2405
2407
2403
2408
5844
5845
2409
2411
2410
2412
2413
5846
5847
7256
2414
2416
5843
7258
2415
2417
7260
2421
2422
5848
2423
2424
5852
2425
2426
2450
2452
2447
2448
5853
2449
2451
2446
2453
5867
5868
2460
2462
5865
2455
2457
5866
2456
2458
2454
2459
5870
5871
7262
2464
2466
5869
2477
2479
2478
2480
2476
2481
5881
5882
2482
2484
2483
2485
2486
5883
5884
7264
2487
2489
5880
7266
2488
2490
7268
2494
2495
5885
2496
2497
5889
2498
2499
2523
2525
2520
2521
5890
2522
2524
2519
2526
5904
5905
2533
2535
5902
2528
2530
5903
2529
2531
2527
2532
5907
5908
7270
2537
2539
5906
2550
2552
2551
2553
2549
2554
5918
5919
2555
7205
2557
2556
2558
2559
5920
5921
7272
2560
2562
5917
7274
2561
2563
7276
2567
2568
5922
2569
2570
5926
2571
2572
2596
2598
7278
2593
2594
5927
2595
2597
2592
2599
5941
5942
2606
2608
5939
2601
2603
5940
2602
2604
2600
2605
5944
5945
7280
2610
2612
5943
2623
7209
2625
2624
2626
2622
2627
5955
5956
2628
7282
7217
2630
2629
2631
2632
5957
5958
7284
2633
2635
5954
7286
2634
2636
7288
2640
2641
5959
2642
2643
5963
2644
2645
2669
2671
7290
2666
2667
5964
2668
2670
2665
2672
5978
5979
2679
2681
5976
2674
2676
5977
2675
2677
2673
2678
5981
5982
7292
2683
2685
5980
2696
2698
2697
2699
5729
2695
2700
5992
5993
2701
2703
2702
2704
5732
2705
5994
5995
7294
2706
2708
5991
7296
2707
2709
7298
2713
2714
5996
2715
2716
6000
2717
2718
2742
2744
5754
2739
2740
6001
2741
2743
2738
2745
6015
6016
2752
2754
6013
2747
2749
6014
2748
2750
5758
2746
2751
6018
6019
7300
2756
2758
6017
2771
2773
2769
2770
2772
2774
2768
2775
6030
6031
2778
2780
2776
2777
2779
2781
2782
6033
6034
7302
2783
2785
6028
7304
2784
2786
7306
2790
2791
6035
2792
2793
6039
2794
2795
2816
2818
6040
2820
2822
2817
2819
2821
2823
2815
2824
6055
6056
2833
2835
6052
2828
2830
6053
2826
2827
2829
2831
2825
2832
6059
6060
7308
2837
2839
6057
2850
7237
2852
2851
2853
2849
2854
6070
6071
2855
7310
7245
2857
2856
2858
2859
6072
6073
7312
2860
2862
6069
7314
2861
2863
7316
2867
2868
6074
2869
2870
6078
2871
2872
2896
2898
7318
2893
2894
6079
2895
2897
2892
2899
6093
6094
2906
2908
6091
2901
2903
6092
2902
2904
2900
2905
6096
6097
7320
2910
2912
6095
2923
2925
2924
2926
2922
2927
6107
6108
2928
2930
2929
2931
2932
6109
6110
7322
2933
2935
6106
7324
2934
2936
7326
2940
2941
6111
2942
2943
6115
2944
2945
2969
2971
2966
2967
6116
2968
2970
2965
2972
6130
6131
2979
2981
6128
2974
2976
6129
2975
2977
2973
2978
6133
6134
7328
2983
2985
6132
2996
2998
2997
2999
2995
3000
6144
6145
3001
3003
3002
3004
3005
6146
6147
7330
3006
3008
6143
7332
3007
3009
7334
3013
3014
6148
3015
3016
6152
3017
3018
3042
3044
3039
3040
6153
3041
3043
3038
3045
6167
6168
3052
3054
6165
3047
3049
6166
3048
3050
3046
3051
6170
6171
7336
3056
3058
6169
3069
3071
3070
3072
3068
3073
6181
6182
3074
3076
3075
3077
3078
6183
6184
7338
3079
3081
6180
7340
3080
3082
7342
3086
3087
6185
3088
3089
6189
3090
3091
3115
3117
3112
3113
6190
3114
3116
3111
3118
6204
6205
3125
3127
6202
3120
3122
6203
3121
3123
3119
3124
6207
6208
7344
3129
3131
6206
3142
3144
3143
3145
3141
3146
6218
6219
3147
7279
3149
3148
3150
3151
6220
6221
7346
3152
3154
6217
7348
3153
3155
7350
3159
3160
6222
3161
3162
6226
3163
3164
3188
3190
7352
3185
3186
6227
3187
3189
3184
3191
6241
6242
3198
3200
6239
3193
3195
6240
3194
3196
3192
3197
6244
6245
7354
3202
3204
6243
3215
7283
3217
3216
3218
3214
3219
6255
6256
3220
7356
7291
3222
3221
3223
3224
6257
6258
7358
3225
3227
6254
7360
3226
3228
7362
3232
3233
6259
3234
3235
6263
3236
3237
3261
3263
7364
3258
3259
6264
3260
3262
3257
3264
6278
6279
3271
3273
6276
3266
3268
6277
3267
3269
3265
3270
6281
6282
7366
3275
3277
6280
3288
3290
3289
3291
6029
3287
3292
6292
6293
3293
3295
3294
3296
6032
3297
6294
6295
7368
3298
3300
6291
7370
3299
3301
7372
3305
3306
6296
3307
3308
6300
3309
3310
3334
3336
6054
3331
3332
6301
3333
3335
3330
3337
6315
6316
3344
3346
6313
3339
3341
6314
3340
3342
6058
3338
3343
6318
6319
7374
3348
3350
6317
3363
3365
3361
3362
3364
3366
3360
3367
6330
6331
3370
3372
3368
3369
3371
3373
3374
6333
6334
7376
3375
3377
6328
7378
3376
3378
7380
3382
3383
6335
3384
3385
6339
3386
3387
3408
3410
6340
3412
3414
3409
3411
3413
3415
3407
3416
6355
6356
3425
3427
6352
3420
3422
6353
3418
3419
3421
3423
3417
3424
6359
6360
7382
3429
3431
6357
3442
7311
3444
3443
3445
3441
3446
6370
6371
3447
7384
7319
3449
3448
3450
3451
6372
6373
7386
3452
3454
6369
7388
3453
3455
7390
3459
3460
6374
3461
3462
6378
3463
3464
3488
3490
7392
3485
3486
6379
3487
3489
3484
3491
6393
6394
3498
3500
6391
3493
3495
6392
3494
3496
3492
3497
6396
6397
7394
3502
3504
6395
3515
3517
3516
3518
3514
3519
6407
6408
3520
3522
3521
3523
3524
6409
6410
7396
3525
3527
6406
7398
3526
3528
7400
3532
3533
6411
3534
3535
6415
3536
3537
3561
3563
3558
3559
6416
3560
3562
3557
3564
6430
6431
3571
3573
6428
3566
3568
6429
3567
3569
3565
3570
6433
6434
7402
3575
3577
6432
3588
3590
3589
3591
3587
3592
6444
6445
3593
3595
3594
3596
3597
6446
6447
7404
3598
3600
6443
7406
3599
3601
7408
3605
3606
6448
3607
3608
6452
3609
3610
3634
3636
3631
3632
6453
3633
3635
3630
3637
6467
6468
3644
3646
6465
3639
3641
6466
3640
3642
3638
3643
6470
6471
7410
3648
3650
6469
3661
3663
3662
3664
3660
3665
6481
6482
3666
3668
3667
3669
3670
6483
6484
7412
3671
3673
6480
7414
3672
3674
7416
3678
3679
6485
3680
3681
6489
3682
3683
3707
3709
3704
3705
6490
3706
3708
3703
3710
6504
6505
3717
3719
6502
3712
3714
6503
3713
3715
3711
3716
6507
6508
7418
3721
3723
6506
3734
3736
3735
3737
3733
3738
6518
6519
3739
7353
3741
3740
3742
3743
6520
6521
7420
3744
3746
6517
7422
3745
3747
7424
3751
3752
6522
3753
3754
6526
3755
3756
3780
3782
7426
3777
3778
6527
3779
3781
3776
3783
6541
6542
3790
3792
6539
3785
3787
6540
3786
3788
3784
3789
6544
6545
7428
3794
3796
6543
3807
7357
3809
3808
3810
3806
3811
6555
6556
3812
7430
7365
3814
3813
3815
3816
6557
6558
7432
3817
3819
6554
7434
3818
3820
7436
3824
3825
6559
3826
3827
6563
3828
3829
3853
3855
7438
3850
3851
6564
3852
3854
3849
3856
6578
6579
3863
3865
6576
3858
3860
6577
3859
3861
3857
3862
6581
6582
7440
3867
3869
6580
3880
3882
3881
3883
6329
3879
3884
6592
6593
3885
3887
3886
3888
6332
3889
6594
6595
7442
3890
3892
6591
7444
3891
3893
7446
3897
3898
6596
3899
3900
6600
3901
3902
3926
3928
6354
3923
3924
6601
3925
3927
3922
3929
6615
6616
3936
3938
6613
3931
3933
6614
3932
3934
6358
3930
3935
6618
6619
7448
3940
3942
6617
3955
3957
4625
3953
3954
3956
3958
3952
3959
6630
6631
3962
3964
4629
3960
3961
3963
3965
3966
6633
6634
7450
3967
3969
6628
7452
3968
3970
7454
3974
3975
6635
3976
3977
6639
3978
3979
4000
4002
6640
4004
4006
4001
4003
4005
4007
3999
4008
6655
6656
4017
4019
6652
4012
4014
6653
4010
4011
4013
4015
4009
4016
6659
6660
7456
4021
4023
6657
4044
7385
4046
4654
4045
4047
4043
4048
6673
6674
4049
7393
4051
4657
4050
4052
4053
6675
6676
7458
4054
4056
6672
7460
4055
4057
7462
4061
4062
6677
4063
4064
6681
4065
4066
4090
4092
4087
4088
6682
4089
4091
4086
4093
6696
6697
4100
4102
6694
4095
4097
6695
4096
4098
4094
4099
6699
6700
7464
4104
4106
6698
4127
4129
4679
4128
4130
4126
4131
6713
6714
4132
4134
4682
4133
4135
4136
6715
6716
7466
4137
4139
6712
7468
4138
4140
7470
4144
4145
6717
4146
4147
6721
4148
4149
4173
4175
4170
4171
6722
4172
4174
4169
4176
6736
6737
4183
4185
6734
4178
4180
6735
4179
4181
4177
4182
6739
6740
7472
4187
4189
6738
4210
4212
4704
4211
4213
4209
4214
6753
6754
4215
4217
4707
4216
4218
4219
6755
6756
7474
4220
4222
6752
7476
4221
4223
7478
4227
4228
6757
4229
4230
6761
4231
4232
4256
4258
4253
4254
6762
4255
4257
4252
4259
6776
6777
4266
4268
6774
4261
4263
6775
4262
4264
4260
4265
6779
6780
7480
4270
4272
6778
4293
4295
4729
4294
4296
4292
4297
6793
6794
4298
4300
4732
4299
4301
4302
6795
6796
7482
4303
4305
6792
7484
4304
4306
7486
4310
4311
6797
4312
4313
6801
4314
4315
4339
4341
4336
4337
6802
4338
4340
4335
4342
6816
6817
4349
4351
6814
4344
4346
6815
4345
4347
4343
4348
6819
6820
7488
4353
4355
6818
4376
4378
4754
4377
4379
4375
4380
6833
6834
4381
7427
4383
4757
4382
4384
4385
6835
6836
7490
4386
4388
6832
7492
4387
4389
7494
4393
4394
6837
4395
4396
6841
4397
4398
4422
4424
4419
4420
6842
4421
4423
4418
4425
6856
6857
4432
4434
6854
4427
4429
6855
4428
4430
4426
4431
6859
6860
7496
4436
4438
6858
4459
7431
4461
4779
4460
4462
4458
4463
6873
6874
4464
7439
4466
4782
4465
4467
4468
6875
6876
7498
4469
4471
6872
7500
4470
4472
7502
4476
4477
6877
4478
4479
6881
4480
4481
4505
4507
4502
4503
6882
4504
4506
4501
4508
6896
6897
4515
4517
6894
4510
4512
6895
4511
4513
4509
4514
6899
6900
7504
4519
4521
6898
4542
4544
4804
4543
4545
6629
4541
4546
6913
6914
4547
4549
4807
4548
4550
6632
4551
6915
6916
7506
4552
4554
6912
7508
4553
4555
7510
4559
4560
6917
4561
4562
6921
4563
4564
4588
4590
6654
4585
4586
6922
4587
4589
4584
4591
6936
6937
4598
4600
6934
4593
4595
6935
4594
4596
6658
4592
4597
6939
6940
7512
4602
4604
6938
7514
23
24
25
4636
4634
32
33
34
4639
4641
76
77
78
4663
4661
85
86
87
4666
4668
125
126
127
4688
4686
134
135
6965
136
4691
4693
174
175
6973
176
4713
4711
183
184
6971
185
4716
4718
223
224
6981
225
4738
4736
232
233
6979
234
4741
4743
272
273
6993
274
4763
4761
281
282
6991
283
4766
4768
321
322
7003
323
4788
4786
330
331
7001
332
4791
4793
370
371
7011
372
4813
4811
379
380
7009
381
4816
4818
419
420
7021
421
4838
4836
431
432
433
434
4635
435
436
4845
437
438
4837
439
440
4847
443
444
4640
473
6963
474
4651
475
6957
476
4652
4846
466
7019
468
4861
477
478
4862
4865
470
7017
472
4863
479
480
4864
4866
428
429
7015
430
4841
4843
441
442
4842
4848
445
446
4849
4850
496
497
7031
498
4877
4875
508
509
510
511
4662
512
513
4884
514
515
4876
516
517
4886
520
521
4667
546
6955
547
4676
548
7516
6953
549
4677
4885
539
7518
7029
541
4898
550
551
4899
4902
543
7027
545
4900
552
553
4901
4903
505
506
7025
507
4880
4882
518
519
4881
4887
522
523
4888
4889
569
570
7039
571
4914
4912
581
582
583
584
4687
585
586
4921
587
588
4913
589
590
4923
593
594
4692
619
6959
620
4701
621
7520
7522
6961
622
4702
4922
612
7524
7037
614
4935
623
624
4936
4939
616
7035
618
4937
625
626
4938
4940
578
579
7033
580
4917
4919
591
592
4918
4924
595
596
4925
4926
642
643
7047
644
4951
4949
654
655
656
657
4712
658
659
4958
660
661
4950
662
663
4960
666
667
4717
692
6967
693
4726
694
7526
7528
6969
695
4727
4959
685
7530
7045
687
4972
696
697
4973
4976
689
7043
691
4974
698
699
4975
4977
651
652
7041
653
4954
4956
664
665
4955
4961
668
669
4962
4963
715
716
7055
717
4988
4986
727
728
729
730
4737
731
732
4995
733
734
4987
735
736
4997
739
740
4742
765
6975
766
4751
767
7532
7534
6977
768
4752
4996
758
7536
7053
760
5009
769
770
5010
5013
762
7051
764
5011
771
772
5012
5014
724
725
7049
726
4991
4993
737
738
4992
4998
741
742
4999
5000
788
789
7067
790
5025
5023
800
801
802
803
4762
804
805
5032
806
807
5024
808
809
5034
812
813
4767
838
6985
839
4776
840
7538
7540
6989
841
4777
5033
831
7542
7065
833
5046
842
843
5047
5050
835
7063
837
5048
844
845
5049
5051
797
798
7059
799
5028
5030
810
811
5029
5035
814
815
5036
5037
861
862
7077
863
5062
5060
873
874
875
876
4787
877
878
5069
879
880
5061
881
882
5071
885
886
4792
911
6997
912
4801
913
7544
7546
6999
914
4802
5070
904
7548
7075
906
5083
915
916
5084
5087
908
7073
910
5085
917
918
5086
5088
870
871
7071
872
5065
5067
883
884
5066
5072
887
888
5073
5074
934
935
7085
936
5099
5097
946
947
948
949
4812
950
951
5106
952
953
5098
954
955
5108
958
959
4817
984
7005
985
4826
986
7550
7552
7007
987
4827
5107
977
7554
7083
979
5120
988
989
5121
5124
981
7081
983
5122
990
991
5123
5125
943
944
7079
945
5102
5104
956
957
5103
5109
960
961
5110
5111
1011
1012
7095
1013
5138
5136
1023
1024
1025
1026
4844
1027
1028
5145
1029
1030
5137
1031
1032
5147
1035
1036
4851
1065
1066
4867
1067
1068
4868
5146
1058
7093
1060
5161
1069
1070
5162
5165
1062
7091
1064
5163
1071
1072
5164
5166
1020
1021
7087
1022
5141
5143
1033
1034
5142
5148
1037
1038
5149
5150
1088
1089
7105
1090
5177
5175
1100
1101
1102
1103
4883
1104
1105
5184
1106
1107
5176
1108
1109
5186
1112
1113
4890
1138
7525
1139
4904
1140
7556
7558
7523
1141
4905
5185
1131
7560
7103
1133
5198
1142
1143
5199
5202
1135
7101
1137
5200
1144
1145
5201
5203
1097
1098
7099
1099
5180
5182
1110
1111
5181
5187
1114
1115
5188
5189
1161
1162
7113
1163
5214
5212
1173
7521
1174
1175
1176
4920
1177
1178
5221
1179
1180
5213
1181
1182
5223
1185
1186
4927
1211
7531
1212
4941
1213
7562
7564
7529
1214
4942
5222
1204
7566
7111
1206
5235
1215
1216
5236
5239
1208
7109
1210
5237
1217
1218
5238
5240
1170
1171
7107
1172
5217
5219
1183
1184
5218
5224
1187
1188
5225
5226
1234
1235
7121
1236
5251
5249
1246
7527
1247
1248
1249
4957
1250
1251
5258
1252
1253
5250
1254
1255
5260
1258
1259
4964
1284
7537
1285
4978
1286
7568
7570
7535
1287
4979
5259
1277
7572
7119
1279
5272
1288
1289
5273
5276
1281
7117
1283
5274
1290
1291
5275
5277
1243
1244
7115
1245
5254
5256
1256
1257
5255
5261
1260
1261
5262
5263
1307
1308
7129
1309
5288
5286
1319
7533
1320
1321
1322
4994
1323
1324
5295
1325
1326
5287
1327
1328
5297
1331
1332
5001
1357
7543
1358
5015
1359
7574
7576
7541
1360
5016
5296
1350
7578
7127
1352
5309
1361
1362
5310
5313
1354
7125
1356
5311
1363
1364
5312
5314
1316
1317
7123
1318
5291
5293
1329
1330
5292
5298
1333
1334
5299
5300
1380
1381
7141
1382
5325
5323
1392
7539
1393
1394
1395
5031
1396
1397
5332
1398
1399
5324
1400
1401
5334
1404
1405
5038
1430
7549
1431
5052
1432
7580
7582
7547
1433
5053
5333
1423
7584
7139
1425
5346
1434
1435
5347
5350
1427
7137
1429
5348
1436
1437
5349
5351
1389
1390
7133
1391
5328
5330
1402
1403
5329
5335
1406
1407
5336
5337
1453
1454
7151
1455
5362
5360
1465
7545
1466
1467
1468
5068
1469
1470
5369
1471
1472
5361
1473
1474
5371
1477
1478
5075
1503
7555
1504
5089
1505
7586
7588
7553
1506
5090
5370
1496
7590
7149
1498
5383
1507
1508
5384
5387
1500
7147
1502
5385
1509
1510
5386
5388
1462
1463
7145
1464
5365
5367
1475
1476
5366
5372
1479
1480
5373
5374
1526
1527
7159
1528
5399
5397
1538
7551
1539
1540
1541
5105
1542
1543
5406
1544
1545
5398
1546
1547
5408
1550
1551
5112
1576
1577
5126
1578
1579
5127
5407
1569
7157
1571
5420
1580
1581
5421
5424
1573
7155
1575
5422
1582
1583
5423
5425
1535
1536
7153
1537
5402
5404
1548
1549
5403
5409
1552
1553
5410
5411
1603
1604
7169
1605
5438
5436
1615
1616
1617
1618
5144
1619
1620
5445
1621
1622
5437
1623
1624
5447
1627
1628
5151
1657
7561
1658
5167
1659
7559
1660
5168
5446
1650
7592
7594
7167
1652
5461
1661
1662
5462
5465
1654
7165
1656
5463
1663
1664
5464
5466
1612
1613
7161
1614
5441
5443
1625
1626
5442
5448
1629
1630
5449
5450
1680
1681
7179
1682
5477
5475
1692
7557
1693
1694
1695
5183
1696
1697
5484
1698
1699
5476
1700
1701
5486
1704
1705
5190
1730
7567
1731
5204
1732
7596
7598
7565
1733
5205
5485
1723
7600
7177
1725
5498
1734
1735
5499
5502
1727
7175
1729
5500
1736
1737
5501
5503
1689
1690
7173
1691
5480
5482
1702
1703
5481
5487
1706
1707
5488
5489
1753
1754
7187
1755
5514
5512
1765
7563
1766
1767
1768
5220
1769
1770
5521
1771
1772
5513
1773
1774
5523
1777
1778
5227
1803
7573
1804
5241
1805
7602
7604
7571
1806
5242
5522
1796
7606
7185
1798
5535
1807
1808
5536
5539
1800
7183
1802
5537
1809
1810
5538
5540
1762
1763
7181
1764
5517
5519
1775
1776
5518
5524
1779
1780
5525
5526
1826
1827
7195
1828
5551
5549
1838
7569
1839
1840
1841
5257
1842
1843
5558
1844
1845
5550
1846
1847
5560
1850
1851
5264
1876
7579
1877
5278
1878
7608
7610
7577
1879
5279
5559
1869
7612
7193
1871
5572
1880
1881
5573
5576
1873
7191
1875
5574
1882
1883
5575
5577
1835
1836
7189
1837
5554
5556
1848
1849
5555
5561
1852
1853
5562
5563
1899
1900
7203
1901
5588
5586
1911
7575
1912
1913
1914
5294
1915
1916
5595
1917
1918
5587
1919
1920
5597
1923
1924
5301
1949
7585
1950
5315
1951
7614
7616
7583
1952
5316
5596
1942
7618
7201
1944
5609
1953
1954
5610
5613
1946
7199
1948
5611
1955
1956
5612
5614
1908
1909
7197
1910
5591
5593
1921
1922
5592
5598
1925
1926
5599
5600
1972
1973
7215
1974
5625
5623
1984
7581
1985
1986
1987
5331
1988
1989
5632
1990
1991
5624
1992
1993
5634
1996
1997
5338
2022
7591
2023
5352
2024
7620
7622
7589
2025
5353
5633
2015
7624
7213
2017
5646
2026
2027
5647
5650
2019
7211
2021
5648
2028
2029
5649
5651
1981
1982
7207
1983
5628
5630
1994
1995
5629
5635
1998
1999
5636
5637
2045
2046
7225
2047
5662
5660
2057
7587
2058
2059
2060
5368
2061
2062
5669
2063
2064
5661
2065
2066
5671
2069
2070
5375
2095
2096
5389
2097
2098
5390
5670
2088
7223
2090
5683
2099
2100
5684
5687
2092
7221
2094
5685
2101
2102
5686
5688
2054
2055
7219
2056
5665
5667
2067
2068
5666
5672
2071
2072
5673
5674
2118
2119
7233
2120
5699
5697
2130
2131
2132
2133
5405
2134
2135
5706
2136
2137
5698
2138
2139
5708
2142
2143
5412
2168
2169
5426
2170
7595
2171
5427
5707
2161
7626
7628
7231
2163
5720
2172
2173
5721
5724
2165
7229
2167
5722
2174
2175
5723
5725
2127
2128
7227
2129
5702
5704
2140
2141
5703
5709
2144
2145
5710
5711
2195
2196
7243
2197
5738
5736
2207
7593
2208
2209
2210
5444
2211
2212
5745
2213
2214
5737
2215
2216
5747
2219
2220
5451
2249
7601
2250
5467
2251
7630
7632
7599
2252
5468
5746
2242
7634
7241
2244
5761
2253
2254
5762
5765
2246
7239
2248
5763
2255
2256
5764
5766
2204
2205
7235
2206
5741
5743
2217
2218
5742
5748
2221
2222
5749
5750
2272
2273
7253
2274
5777
5775
2284
7597
2285
2286
2287
5483
2288
2289
5784
2290
2291
5776
2292
2293
5786
2296
2297
5490
2322
7607
2323
5504
2324
7636
7638
7605
2325
5505
5785
2315
7640
7251
2317
5798
2326
2327
5799
5802
2319
7249
2321
5800
2328
2329
5801
5803
2281
2282
7247
2283
5780
5782
2294
2295
5781
5787
2298
2299
5788
5789
2345
2346
7261
2347
5814
5812
2357
7603
2358
2359
2360
5520
2361
2362
5821
2363
2364
5813
2365
2366
5823
2369
2370
5527
2395
7613
2396
5541
2397
7642
7644
7611
2398
5542
5822
2388
7646
7259
2390
5835
2399
2400
5836
5839
2392
7257
2394
5837
2401
2402
5838
5840
2354
2355
7255
2356
5817
5819
2367
2368
5818
5824
2371
2372
5825
5826
2418
2419
7269
2420
5851
5849
2430
7609
2431
2432
2433
5557
2434
2435
5858
2436
2437
5850
2438
2439
5860
2442
2443
5564
2468
7619
2469
5578
2470
7648
7650
7617
2471
5579
5859
2461
7652
7267
2463
5872
2472
2473
5873
5876
2465
7265
2467
5874
2474
2475
5875
5877
2427
2428
7263
2429
5854
5856
2440
2441
5855
5861
2444
2445
5862
5863
2491
2492
7277
2493
5888
5886
2503
7615
2504
2505
2506
5594
2507
2508
5895
2509
2510
5887
2511
2512
5897
2515
2516
5601
2541
7625
2542
5615
2543
7654
7656
7623
2544
5616
5896
2534
7658
7275
2536
5909
2545
2546
5910
5913
2538
7273
2540
5911
2547
2548
5912
5914
2500
2501
7271
2502
5891
5893
2513
2514
5892
5898
2517
2518
5899
5900
2564
2565
7289
2566
5925
5923
2576
7621
2577
2578
2579
5631
2580
2581
5932
2582
2583
5924
2584
2585
5934
2588
2589
5638
2614
2615
5652
2616
2617
5653
5933
2607
7287
2609
5946
2618
2619
5947
5950
2611
7285
2613
5948
2620
2621
5949
5951
2573
2574
7281
2575
5928
5930
2586
2587
5929
5935
2590
2591
5936
5937
2637
2638
7299
2639
5962
5960
2649
2650
2651
2652
5668
2653
2654
5969
2655
2656
5961
2657
2658
5971
2661
2662
5675
2687
2688
5689
2689
7629
2690
5690
5970
2680
7660
7662
7297
2682
5983
2691
2692
5984
5987
2684
7295
2686
5985
2693
2694
5986
5988
2646
2647
7293
2648
5965
5967
2659
2660
5966
5972
2663
2664
5973
5974
2710
2711
7307
2712
5999
5997
2722
7627
2723
2724
2725
5705
2726
2727
6006
2728
2729
5998
2730
2731
6008
2734
2735
5712
2760
7635
2761
5726
2762
7664
7666
7633
2763
5727
6007
2753
7668
7305
2755
6020
2764
2765
6021
6024
2757
7303
2759
6022
2766
2767
6023
6025
2719
2720
7301
2721
6002
6004
2732
2733
6003
6009
2736
2737
6010
6011
2787
2788
7317
2789
6038
6036
2799
7631
2800
2801
2802
5744
2803
2804
6045
2805
2806
6037
2807
2808
6047
2811
2812
5751
2841
7641
2842
5767
2843
7670
7672
7639
2844
5768
6046
2834
7674
7315
2836
6061
2845
2846
6062
6065
2838
7313
2840
6063
2847
2848
6064
6066
2796
2797
7309
2798
6041
6043
2809
2810
6042
6048
2813
2814
6049
6050
2864
2865
7327
2866
6077
6075
2876
7637
2877
2878
2879
5783
2880
2881
6084
2882
2883
6076
2884
2885
6086
2888
2889
5790
2914
7647
2915
5804
2916
7676
7678
7645
2917
5805
6085
2907
7680
7325
2909
6098
2918
2919
6099
6102
2911
7323
2913
6100
2920
2921
6101
6103
2873
2874
7321
2875
6080
6082
2886
2887
6081
6087
2890
2891
6088
6089
2937
2938
7335
2939
6114
6112
2949
7643
2950
2951
2952
5820
2953
2954
6121
2955
2956
6113
2957
2958
6123
2961
2962
5827
2987
7653
2988
5841
2989
7682
7684
7651
2990
5842
6122
2980
7686
7333
2982
6135
2991
2992
6136
6139
2984
7331
2986
6137
2993
2994
6138
6140
2946
2947
7329
2948
6117
6119
2959
2960
6118
6124
2963
2964
6125
6126
3010
3011
7343
3012
6151
6149
3022
7649
3023
3024
3025
5857
3026
3027
6158
3028
3029
6150
3030
3031
6160
3034
3035
5864
3060
7659
3061
5878
3062
7688
7690
7657
3063
5879
6159
3053
7692
7341
3055
6172
3064
3065
6173
6176
3057
7339
3059
6174
3066
3067
6175
6177
3019
3020
7337
3021
6154
6156
3032
3033
6155
6161
3036
3037
6162
6163
3083
3084
7351
3085
6188
6186
3095
7655
3096
3097
3098
5894
3099
3100
6195
3101
3102
6187
3103
3104
6197
3107
3108
5901
3133
3134
5915
3135
3136
5916
6196
3126
7349
3128
6209
3137
3138
6210
6213
3130
7347
3132
6211
3139
3140
6212
6214
3092
3093
7345
3094
6191
6193
3105
3106
6192
6198
3109
3110
6199
6200
3156
3157
7363
3158
6225
6223
3168
3169
3170
3171
5931
3172
3173
6232
3174
3175
6224
3176
3177
6234
3180
3181
5938
3206
3207
5952
3208
7663
3209
5953
6233
3199
7694
7696
7361
3201
6246
3210
3211
6247
6250
3203
7359
3205
6248
3212
3213
6249
6251
3165
3166
7355
3167
6228
6230
3178
3179
6229
6235
3182
3183
6236
6237
3229
3230
7373
3231
6262
6260
3241
7661
3242
3243
3244
5968
3245
3246
6269
3247
3248
6261
3249
3250
6271
3253
3254
5975
3279
7669
3280
5989
3281
7698
7700
7667
3282
5990
6270
3272
7702
7371
3274
6283
3283
3284
6284
6287
3276
7369
3278
6285
3285
3286
6286
6288
3238
3239
7367
3240
6265
6267
3251
3252
6266
6272
3255
3256
6273
6274
3302
3303
7381
3304
6299
6297
3314
7665
3315
3316
3317
6005
3318
3319
6306
3320
3321
6298
3322
3323
6308
3326
3327
6012
3352
7675
3353
6026
3354
7704
7706
7673
3355
6027
6307
3345
7708
7379
3347
6320
3356
3357
6321
6324
3349
7377
3351
6322
3358
3359
6323
6325
3311
3312
7375
3313
6302
6304
3324
3325
6303
6309
3328
3329
6310
6311
3379
3380
7391
3381
6338
6336
3391
7671
3392
3393
3394
6044
3395
3396
6345
3397
3398
6337
3399
3400
6347
3403
3404
6051
3433
7681
3434
6067
3435
7710
7712
7679
3436
6068
6346
3426
7714
7389
3428
6361
3437
3438
6362
6365
3430
7387
3432
6363
3439
3440
6364
6366
3388
3389
7383
3390
6341
6343
3401
3402
6342
6348
3405
3406
6349
6350
3456
3457
7401
3458
6377
6375
3468
7677
3469
3470
3471
6083
3472
3473
6384
3474
3475
6376
3476
3477
6386
3480
3481
6090
3506
7687
3507
6104
3508
7716
7718
7685
3509
6105
6385
3499
7720
7399
3501
6398
3510
3511
6399
6402
3503
7397
3505
6400
3512
3513
6401
6403
3465
3466
7395
3467
6380
6382
3478
3479
6381
6387
3482
3483
6388
6389
3529
3530
7409
3531
6414
6412
3541
7683
3542
3543
3544
6120
3545
3546
6421
3547
3548
6413
3549
3550
6423
3553
3554
6127
3579
7693
3580
6141
3581
7722
7724
7691
3582
6142
6422
3572
7726
7407
3574
6435
3583
3584
6436
6439
3576
7405
3578
6437
3585
3586
6438
6440
3538
3539
7403
3540
6417
6419
3551
3552
6418
6424
3555
3556
6425
6426
3602
3603
7417
3604
6451
6449
3614
7689
3615
3616
3617
6157
3618
3619
6458
3620
3621
6450
3622
3623
6460
3626
3627
6164
3652
3653
6178
3654
3655
6179
6459
3645
7415
3647
6472
3656
3657
6473
6476
3649
7413
3651
6474
3658
3659
6475
6477
3611
3612
7411
3613
6454
6456
3624
3625
6455
6461
3628
3629
6462
6463
3675
3676
7425
3677
6488
6486
3687
3688
3689
3690
6194
3691
3692
6495
3693
3694
6487
3695
3696
6497
3699
3700
6201
3725
3726
6215
3727
7697
3728
6216
6496
3718
7728
7730
7423
3720
6509
3729
3730
6510
6513
3722
7421
3724
6511
3731
3732
6512
6514
3684
3685
7419
3686
6491
6493
3697
3698
6492
6498
3701
3702
6499
6500
3748
3749
7437
3750
6525
6523
3760
7695
3761
3762
3763
6231
3764
3765
6532
3766
3767
6524
3768
3769
6534
3772
3773
6238
3798
7703
3799
6252
3800
7732
7734
7701
3801
6253
6533
3791
7736
7435
3793
6546
3802
3803
6547
6550
3795
7433
3797
6548
3804
3805
6549
6551
3757
3758
7429
3759
6528
6530
3770
3771
6529
6535
3774
3775
6536
6537
3821
3822
7447
3823
6562
6560
3833
7699
3834
3835
3836
6268
3837
3838
6569
3839
3840
6561
3841
3842
6571
3845
3846
6275
3871
7709
3872
6289
3873
7738
7740
7707
3874
6290
6570
3864
7742
7445
3866
6583
3875
3876
6584
6587
3868
7443
3870
6585
3877
3878
6586
6588
3830
3831
7441
3832
6565
6567
3843
3844
6566
6572
3847
3848
6573
6574
3894
3895
7455
3896
6599
6597
3906
7705
3907
3908
3909
6305
3910
3911
6606
3912
3913
6598
3914
3915
6608
3918
3919
6312
3944
7715
3945
6326
3946
7744
7746
7713
3947
6327
6607
3937
7748
7453
3939
6620
3948
3949
6621
6624
3941
7451
3943
6622
3950
3951
6623
6625
3903
3904
7449
3905
6602
6604
3916
3917
6603
6609
3920
3921
6610
6611
3971
3972
7463
3973
6638
6636
3983
7711
3984
4042
3985
3986
6344
3987
3988
6645
3989
3990
6637
6644
3991
3992
6647
3995
3996
6351
4025
7721
4026
6367
4027
7750
7719
4028
6368
6646
4018
7752
7461
4020
6661
4029
4030
6662
6665
4022
7459
4024
6663
4031
4032
6664
6666
3980
3981
7457
3982
6641
6643
3993
3994
6642
6648
3997
3998
6649
6650
4041
4033
4034
6651
4035
4036
6667
4039
6670
4037
4038
6668
6669
4040
6671
4058
4059
7471
4060
6680
6678
4070
7717
4071
4125
4072
4073
6383
4074
4075
6687
4076
4077
6679
6686
4078
4079
6689
4082
4083
6390
4108
7727
4109
6404
4110
7725
4111
6405
6688
4101
7469
4103
6701
4112
4113
6702
6705
4105
7467
4107
6703
4114
4115
6704
6706
4067
4068
7465
4069
6683
6685
4080
4081
6684
6690
4084
4085
6691
6692
4124
4116
4117
6693
4118
4119
6707
4122
6710
4120
4121
6708
6709
4123
6711
4141
4142
7479
4143
6720
6718
4153
7723
4154
4208
4155
4156
6420
4157
4158
6727
4159
4160
6719
6726
4161
4162
6729
4165
4166
6427
4191
4192
6441
4193
4194
6442
6728
4184
7477
4186
6741
4195
4196
6742
6745
4188
7475
4190
6743
4197
4198
6744
6746
4150
4151
7473
4152
6723
6725
4163
4164
6724
6730
4167
4168
6731
6732
4207
4199
4200
6733
4201
4202
6747
4205
6750
4203
4204
6748
6749
4206
6751
4224
4225
7487
4226
6760
6758
4236
4237
4291
4238
4239
6457
4240
4241
6767
4242
4243
6759
6766
4244
4245
6769
4248
4249
6464
4274
4275
6478
4276
7731
4277
6479
6768
4267
7485
4269
6781
4278
4279
6782
6785
4271
7483
4273
6783
4280
4281
6784
6786
4233
4234
7481
4235
6763
6765
4246
4247
6764
6770
4250
4251
6771
6772
4290
4282
4283
6773
4284
4285
6787
4288
6790
4286
4287
6788
6789
4289
6791
4307
4308
7495
4309
6800
6798
4319
7729
4320
4374
4321
4322
6494
4323
4324
6807
4325
4326
6799
6806
4327
4328
6809
4331
4332
6501
4357
7737
4358
6515
4359
7735
4360
6516
6808
4350
7493
4352
6821
4361
4362
6822
6825
4354
7491
4356
6823
4363
4364
6824
6826
4316
4317
7489
4318
6803
6805
4329
4330
6804
6810
4333
4334
6811
6812
4373
4365
4366
6813
4367
4368
6827
4371
6830
4369
4370
6828
6829
4372
6831
4390
4391
7503
4392
6840
6838
4402
7733
4403
4457
4404
4405
6531
4406
4407
6847
4408
4409
6839
6846
4410
4411
6849
4414
4415
6538
4440
7743
4441
6552
4442
7741
4443
6553
6848
4433
7501
4435
6861
4444
4445
6862
6865
4437
7499
4439
6863
4446
4447
6864
6866
4399
4400
7497
4401
6843
6845
4412
4413
6844
6850
4416
4417
6851
6852
4456
4448
4449
6853
4450
4451
6867
4454
6870
4452
4453
6868
6869
4455
6871
4473
4474
7511
4475
6880
6878
4485
7739
4486
4540
4487
4488
6568
4489
4490
6887
4491
4492
6879
6886
4493
4494
6889
4497
4498
6575
4523
7749
4524
6589
4525
7747
4526
6590
6888
4516
7509
4518
6901
4527
4528
6902
6905
4520
7507
4522
6903
4529
4530
6904
6906
4482
4483
7505
4484
6883
6885
4495
4496
6884
6890
4499
4500
6891
6892
4539
4531
4532
6893
4533
4534
6907
4537
6910
4535
4536
6908
6909
4538
6911
4556
4557
7519
4558
6920
6918
4568
7745
4569
4623
4570
4571
6605
4572
4573
6927
4574
4575
6919
6926
4576
4577
6929
4580
4581
6612
4606
7753
4607
6626
4608
7751
4609
6627
6928
4599
7517
4601
6941
4610
4611
6942
6945
4603
7515
4605
6943
4612
4613
6944
6946
4565
4566
7513
4567
6923
6925
4578
4579
6924
6930
4582
4583
6931
6932
4622
4614
4615
6933
4616
4617
6947
4620
6950
4618
4619
6948
6949
4621
6951
