1
3
5
7
2
4
6
8
0
9
2947
2948
10
12
14
16
11
13
15
17
18
2951
2952
19
21
23
25
20
22
24
26
27
2955
2956
28
30
32
34
29
31
33
35
36
2959
2960
37
39
41
43
38
40
42
44
45
2963
2964
46
48
50
52
47
49
51
53
54
2967
2968
55
57
59
61
56
58
60
62
63
2971
2972
64
66
68
70
65
67
69
71
72
2975
2976
73
2944
77
79
75
76
78
80
74
81
2979
2980
84
86
82
83
85
87
88
2982
2983
91
93
89
90
92
94
95
2985
2986
98
100
96
97
99
101
102
2988
2989
105
107
103
104
106
108
109
2991
2992
112
114
110
111
113
115
116
2994
2995
119
121
117
118
120
122
123
2997
2998
126
128
124
125
127
129
130
3000
3001
131
2977
135
137
133
134
136
138
132
139
3004
3005
142
144
140
141
143
145
146
3007
3008
149
151
147
148
150
152
153
3010
3011
156
158
154
155
157
159
160
3013
3014
163
165
161
162
164
166
167
3016
3017
170
172
168
169
171
173
174
3019
3020
177
179
175
176
178
180
181
3022
3023
184
186
182
183
185
187
188
4160
198
3025
3026
189
3002
193
195
4162
191
192
194
196
190
197
3029
3030
200
202
199
201
203
204
3032
3033
207
209
4164
205
206
208
210
211
3035
3036
214
216
4166
212
213
215
217
218
3038
3039
221
223
4168
219
220
222
224
225
3041
3042
228
230
4170
226
227
229
231
232
3044
3045
235
237
4172
233
234
236
238
239
3047
3048
242
244
4174
240
241
243
245
246
3050
3051
247
3027
251
253
4176
249
250
252
254
248
255
3054
3055
258
260
4178
256
257
259
261
262
3057
3058
265
267
4180
263
264
266
268
269
3060
3061
272
274
4182
270
271
273
275
276
3063
3064
279
281
4184
277
278
280
282
283
3066
3067
286
288
4186
284
285
287
289
290
3069
3070
293
295
4188
291
292
294
296
297
3072
3073
300
302
4190
298
299
301
303
304
3075
3076
305
3052
309
311
4192
307
308
310
312
306
313
3079
3080
316
318
4194
314
315
317
319
320
3082
3083
323
325
4196
321
322
324
326
327
3085
3086
330
332
4198
328
329
331
333
334
3088
3089
337
339
4200
335
336
338
340
341
3091
3092
344
346
4202
342
343
345
347
348
3094
3095
351
353
4204
349
350
352
354
355
3097
3098
358
360
4206
356
357
359
361
362
3100
3101
363
3077
367
369
4208
365
366
368
370
364
371
3104
3105
374
376
4210
372
373
375
377
378
3107
3108
381
383
4212
379
380
382
384
385
3110
3111
388
390
4214
386
387
389
391
392
3113
3114
395
397
4216
393
394
396
398
399
3116
3117
402
404
4218
400
401
403
405
406
3119
3120
409
411
4220
407
408
410
412
413
3122
3123
416
418
4222
414
415
417
419
420
3125
3126
421
3102
425
427
2945
423
424
426
428
422
429
3129
3130
432
434
2949
430
431
433
435
436
3132
3133
439
441
2953
437
438
440
442
443
3135
3136
446
448
2957
444
445
447
449
450
3138
3139
453
455
2961
451
452
454
456
457
3141
3142
460
462
2965
458
459
461
463
464
3144
3145
467
469
2969
465
466
468
470
471
3147
3148
474
476
2973
472
473
475
477
478
3150
3151
479
3127
484
486
4224
481
482
483
485
480
487
3154
3155
491
493
4226
488
489
490
492
494
3157
3158
498
500
4228
495
496
497
499
501
3160
3161
505
507
4230
502
503
504
506
508
3163
3164
512
514
4232
509
510
511
513
515
3166
3167
519
521
4234
516
517
518
520
522
3169
3170
526
528
4236
523
524
525
527
529
3172
3173
533
535
4238
530
531
532
534
536
3175
3176
537
3152
539
541
540
542
538
543
3178
3179
544
546
545
547
548
3180
3181
549
551
550
552
553
3182
3183
554
556
555
557
558
3184
3185
559
561
560
562
563
3186
3187
564
566
565
567
568
3188
3189
569
571
570
572
573
3190
3191
574
576
575
577
578
3192
3193
579
3177
581
583
582
584
580
585
3195
3196
586
588
587
589
590
3197
3198
591
593
592
594
595
3199
3200
596
598
597
599
600
3201
3202
601
603
602
604
605
3203
3204
606
608
607
609
610
3205
3206
611
613
612
4240
4163
614
615
3207
3208
616
618
617
4242
4161
619
620
3209
3210
621
3194
623
625
624
626
622
627
3212
3213
628
630
629
4244
4165
631
632
3214
3215
633
635
634
4246
4167
636
637
3216
3217
638
640
639
4248
4169
641
642
3218
3219
643
645
644
4250
4171
646
647
3220
3221
648
650
649
4252
4173
651
652
3222
3223
653
655
654
4254
4175
656
657
3224
3225
658
660
659
4256
4177
661
662
3226
3227
663
3211
665
667
666
4258
4179
668
664
669
3229
3230
670
672
671
4260
4181
673
674
3231
3232
675
677
676
4262
4183
678
679
3233
3234
680
682
681
4264
4185
683
684
3235
3236
685
687
686
4266
4187
688
689
3237
3238
690
692
691
4268
4189
693
694
3239
3240
695
697
696
4270
4191
698
699
3241
3242
700
702
701
4272
4193
703
704
3243
3244
705
3228
707
709
708
4274
4195
710
706
711
3246
3247
712
714
713
4276
4197
715
716
3248
3249
717
719
718
4278
4199
720
721
3250
3251
722
724
723
4280
4201
725
726
3252
3253
727
729
728
4282
4203
730
731
3254
3255
732
734
733
4284
4205
735
736
3256
3257
737
739
738
4286
4207
740
741
3258
3259
742
744
743
4288
4209
745
746
3260
3261
747
3245
749
751
750
4290
4211
752
748
753
3263
3264
754
756
755
4292
4213
757
758
3265
3266
759
761
760
4294
4215
762
763
3267
3268
764
766
765
4296
4217
767
768
3269
3270
769
771
770
4298
4219
772
773
3271
3272
774
776
775
4300
4221
777
778
3273
3274
779
781
780
4302
4223
782
783
3275
3276
784
786
785
787
788
3277
3278
789
3262
791
793
3153
792
794
790
795
3280
3281
796
798
3156
797
799
800
3282
3283
801
803
3159
802
804
805
3284
3285
806
808
3162
807
809
810
3286
3287
811
813
3165
812
814
815
3288
3289
816
818
3168
817
819
820
3290
3291
821
823
3171
822
824
825
3292
3293
826
828
3174
827
829
830
3294
3295
831
3279
836
4225
838
833
834
835
837
832
839
3298
3299
843
4227
845
840
841
842
844
846
3301
3302
850
4229
852
847
848
849
851
853
3304
3305
857
4231
859
854
855
856
858
860
3307
3308
864
4304
4233
866
4306
861
862
863
865
867
3310
3311
871
4308
4235
873
4310
868
869
870
872
874
3313
3314
878
4312
4237
880
4314
875
876
877
879
881
3316
3317
885
4316
4239
887
4318
882
883
884
886
888
3319
3320
889
3296
891
893
892
894
890
895
3322
3323
896
898
897
899
900
3324
3325
901
903
902
904
905
3326
3327
906
908
907
909
910
3328
3329
911
913
912
914
915
3330
3331
916
918
917
919
920
3332
3333
921
923
922
924
925
3334
3335
926
928
927
929
930
3336
3337
931
3321
933
935
934
936
932
937
3339
3340
938
940
939
941
942
3341
3342
943
945
944
946
947
3343
3344
948
950
949
951
952
3345
3346
953
955
954
956
957
3347
3348
958
960
959
4320
4241
961
962
3349
3350
963
965
964
4322
4243
966
967
3351
3352
968
970
969
971
972
3353
3354
973
3338
975
977
976
4324
4245
978
974
979
3356
3357
980
982
981
4326
4247
983
984
3358
3359
985
987
986
4328
4249
988
989
3360
3361
990
992
991
4330
4251
993
994
3362
3363
995
997
996
4332
4253
998
999
3364
3365
1000
1002
1001
4334
4255
1003
1004
3366
3367
1005
1007
1006
4336
4257
1008
1009
3368
3369
1010
1012
1011
4338
4259
1013
1014
3370
3371
1015
3355
1017
1019
1018
4340
4261
1020
1016
1021
3373
3374
1022
1024
1023
4342
4263
1025
1026
3375
3376
1027
1029
1028
4344
4265
1030
1031
3377
3378
1032
1034
1033
4346
4267
1035
1036
3379
3380
1037
1039
1038
4348
4269
1040
1041
3381
3382
1042
1044
1043
4350
4271
1045
1046
3383
3384
1047
1049
1048
4352
4273
1050
1051
3385
3386
1052
1054
1053
4354
4275
1055
1056
3387
3388
1057
3372
1059
1061
1060
4356
4277
1062
1058
1063
3390
3391
1064
1066
1065
4358
4279
1067
1068
3392
3393
1069
1071
1070
4360
4281
1072
1073
3394
3395
1074
1076
1075
4362
4283
1077
1078
3396
3397
1079
1081
1080
4364
4285
1082
1083
3398
3399
1084
1086
1085
4366
4287
1087
1088
3400
3401
1089
1091
1090
4368
4289
1092
1093
3402
3403
1094
1096
1095
4370
4291
1097
1098
3404
3405
1099
3389
1101
1103
1102
4372
4293
1104
1100
1105
3407
3408
1106
1108
1107
4374
4295
1109
1110
3409
3410
1111
1113
1112
4376
4297
1114
1115
3411
3412
1116
1118
1117
4378
4299
1119
1120
3413
3414
1121
1123
1122
4380
4301
1124
1125
3415
3416
1126
1128
1127
4382
4303
1129
1130
3417
3418
1131
1133
1132
1134
1135
3419
3420
1136
1138
1137
1139
1140
3421
3422
1141
3406
1143
1145
3297
1144
1146
1142
1147
3424
3425
1148
1150
3300
1149
1151
1152
3426
3427
1153
1155
3303
1154
1156
1157
3428
3429
1158
1160
3306
1159
1161
1162
3430
3431
1163
1165
3309
1164
1166
1167
3432
3433
1168
1170
3312
1169
1171
1172
3434
3435
1173
1175
3315
1174
1176
1177
3436
3437
1178
1180
3318
1179
1181
1182
3438
3439
1183
3423
1188
4317
1190
1185
1186
1187
1189
1184
1191
3442
3443
1195
4313
1197
1192
1193
1194
1196
1198
3445
3446
1202
4309
1204
1199
1200
1201
1203
1205
3448
3449
1209
4305
1211
1206
1207
1208
1210
1212
3451
3452
1216
4384
4307
1218
4386
1213
1214
1215
1217
1219
3454
3455
1223
4388
4311
1225
4390
1220
1221
1222
1224
1226
3457
3458
1230
4392
4315
1232
4394
1227
1228
1229
1231
1233
3460
3461
1237
4396
4319
1239
4398
1234
1235
1236
1238
1240
3463
3464
1241
3440
1243
1245
1244
1246
1242
1247
3466
3467
1248
1250
1249
1251
1252
3468
3469
1253
1255
1254
1256
1257
3470
3471
1258
1260
1259
1261
1262
3472
3473
1263
1265
1264
1266
1267
3474
3475
1268
1270
1269
1271
1272
3476
3477
1273
1275
1274
1276
1277
3478
3479
1278
1280
1279
1281
1282
3480
3481
1283
3465
1285
1287
1286
1288
1284
1289
3483
3484
1290
1292
1291
1293
1294
3485
3486
1295
1297
1296
1298
1299
3487
3488
1300
1302
1301
1303
1304
3489
3490
1305
1307
1306
4400
4321
1308
1309
3491
3492
1310
1312
1311
4402
4323
1313
1314
3493
3494
1315
1317
1316
1318
1319
3495
3496
1320
1322
1321
4404
4325
1323
1324
3497
3498
1325
3482
1327
1329
1328
4406
4327
1330
1326
1331
3500
3501
1332
1334
1333
4408
4329
1335
1336
3502
3503
1337
1339
1338
4410
4331
1340
1341
3504
3505
1342
1344
1343
4412
4333
1345
1346
3506
3507
1347
1349
1348
4414
4335
1350
1351
3508
3509
1352
1354
1353
4416
4337
1355
1356
3510
3511
1357
1359
1358
4418
4339
1360
1361
3512
3513
1362
1364
1363
4420
4341
1365
1366
3514
3515
1367
3499
1369
1371
1370
4422
4343
1372
1368
1373
3517
3518
1374
1376
1375
4424
4345
1377
1378
3519
3520
1379
1381
1380
4426
4347
1382
1383
3521
3522
1384
1386
1385
4428
4349
1387
1388
3523
3524
1389
1391
1390
4430
4351
1392
1393
3525
3526
1394
1396
1395
4432
4353
1397
1398
3527
3528
1399
1401
1400
4434
4355
1402
1403
3529
3530
1404
1406
1405
4436
4357
1407
1408
3531
3532
1409
3516
1411
1413
1412
4438
4359
1414
1410
1415
3534
3535
1416
1418
1417
4440
4361
1419
1420
3536
3537
1421
1423
1422
4442
4363
1424
1425
3538
3539
1426
1428
1427
4444
4365
1429
1430
3540
3541
1431
1433
1432
4446
4367
1434
1435
3542
3543
1436
1438
1437
4448
4369
1439
1440
3544
3545
1441
1443
1442
4450
4371
1444
1445
3546
3547
1446
1448
1447
4452
4373
1449
1450
3548
3549
1451
3533
1453
1455
1454
4454
4375
1456
1452
1457
3551
3552
1458
1460
1459
4456
4377
1461
1462
3553
3554
1463
1465
1464
4458
4379
1466
1467
3555
3556
1468
1470
1469
4460
4381
1471
1472
3557
3558
1473
1475
1474
4462
4383
1476
1477
3559
3560
1478
1480
1479
1481
1482
3561
3562
1483
1485
1484
1486
1487
3563
3564
1488
1490
1489
1491
1492
3565
3566
1493
3550
1495
1497
3441
1496
1498
1494
1499
3568
3569
1500
1502
3444
1501
1503
1504
3570
3571
1505
1507
3447
1506
1508
1509
3572
3573
1510
1512
3450
1511
1513
1514
3574
3575
1515
1517
3453
1516
1518
1519
3576
3577
1520
1522
3456
1521
1523
1524
3578
3579
1525
1527
3459
1526
1528
1529
3580
3581
1530
1532
3462
1531
1533
1534
3582
3583
1535
3567
1540
4397
1542
1537
1538
1539
1541
1536
1543
3586
3587
1547
4393
1549
1544
1545
1546
1548
1550
3589
3590
1554
4389
1556
1551
1552
1553
1555
1557
3592
3593
1561
4385
1563
1558
1559
1560
1562
1564
3595
3596
1568
4464
4387
1570
4466
1565
1566
1567
1569
1571
3598
3599
1575
4468
4391
1577
4470
1572
1573
1574
1576
1578
3601
3602
1582
4472
4395
1584
4474
1579
1580
1581
1583
1585
3604
3605
1589
4476
4399
1591
4478
1586
1587
1588
1590
1592
3607
3608
1593
3584
1595
1597
1596
1598
1594
1599
3610
3611
1600
1602
1601
1603
1604
3612
3613
1605
1607
1606
1608
1609
3614
3615
1610
1612
1611
1613
1614
3616
3617
1615
1617
1616
1618
1619
3618
3619
1620
1622
1621
1623
1624
3620
3621
1625
1627
1626
1628
1629
3622
3623
1630
1632
1631
1633
1634
3624
3625
1635
3609
1637
1639
1638
1640
1636
1641
3627
3628
1642
1644
1643
1645
1646
3629
3630
1647
1649
1648
1650
1651
3631
3632
1652
1654
1653
4480
4401
1655
1656
3633
3634
1657
1659
1658
4482
4403
1660
1661
3635
3636
1662
1664
1663
1665
1666
3637
3638
1667
1669
1668
4484
4405
1670
1671
3639
3640
1672
1674
1673
4486
4407
1675
1676
3641
3642
1677
3626
1679
1681
1680
4488
4409
1682
1678
1683
3644
3645
1684
1686
1685
4490
4411
1687
1688
3646
3647
1689
1691
1690
4492
4413
1692
1693
3648
3649
1694
1696
1695
4494
4415
1697
1698
3650
3651
1699
1701
1700
4496
4417
1702
1703
3652
3653
1704
1706
1705
4498
4419
1707
1708
3654
3655
1709
1711
1710
4500
4421
1712
1713
3656
3657
1714
1716
1715
4502
4423
1717
1718
3658
3659
1719
3643
1721
1723
1722
4504
4425
1724
1720
1725
3661
3662
1726
1728
1727
4506
4427
1729
1730
3663
3664
1731
1733
1732
4508
4429
1734
1735
3665
3666
1736
1738
1737
4510
4431
1739
1740
3667
3668
1741
1743
1742
4512
4433
1744
1745
3669
3670
1746
1748
1747
4514
4435
1749
1750
3671
3672
1751
1753
1752
4516
4437
1754
1755
3673
3674
1756
1758
1757
4518
4439
1759
1760
3675
3676
1761
3660
1763
1765
1764
4520
4441
1766
1762
1767
3678
3679
1768
1770
1769
4522
4443
1771
1772
3680
3681
1773
1775
1774
4524
4445
1776
1777
3682
3683
1778
1780
1779
4526
4447
1781
1782
3684
3685
1783
1785
1784
4528
4449
1786
1787
3686
3687
1788
1790
1789
4530
4451
1791
1792
3688
3689
1793
1795
1794
4532
4453
1796
1797
3690
3691
1798
1800
1799
4534
4455
1801
1802
3692
3693
1803
3677
1805
1807
1806
4536
4457
1808
1804
1809
3695
3696
1810
1812
1811
4538
4459
1813
1814
3697
3698
1815
1817
1816
4540
4461
1818
1819
3699
3700
1820
1822
1821
4542
4463
1823
1824
3701
3702
1825
1827
1826
1828
1829
3703
3704
1830
1832
1831
1833
1834
3705
3706
1835
1837
1836
1838
1839
3707
3708
1840
1842
1841
1843
1844
3709
3710
1845
3694
1847
1849
3585
1848
1850
1846
1851
3712
3713
1852
1854
3588
1853
1855
1856
3714
3715
1857
1859
3591
1858
1860
1861
3716
3717
1862
1864
3594
1863
1865
1866
3718
3719
1867
1869
3597
1868
1870
1871
3720
3721
1872
1874
3600
1873
1875
1876
3722
3723
1877
1879
3603
1878
1880
1881
3724
3725
1882
1884
3606
1883
1885
1886
3726
3727
1887
3711
1892
4477
1894
1889
1890
1891
1893
1888
1895
3730
3731
1899
4473
1901
1896
1897
1898
1900
1902
3733
3734
1906
4469
1908
1903
1904
1905
1907
1909
3736
3737
1913
4465
1915
1910
1911
1912
1914
1916
3739
3740
1920
4544
4467
1922
4546
1917
1918
1919
1921
1923
3742
3743
1927
4548
4471
1929
4550
1924
1925
1926
1928
1930
3745
3746
1934
4552
4475
1936
4554
1931
1932
1933
1935
1937
3748
3749
1941
4556
4479
1943
4558
1938
1939
1940
1942
1944
3751
3752
1945
3728
1947
1949
1948
1950
1946
1951
3754
3755
1952
1954
1953
1955
1956
3756
3757
1957
1959
1958
1960
1961
3758
3759
1962
1964
1963
1965
1966
3760
3761
1967
1969
1968
1970
1971
3762
3763
1972
1974
1973
1975
1976
3764
3765
1977
1979
1978
1980
1981
3766
3767
1982
1984
1983
1985
1986
3768
3769
1987
3753
1989
1991
1990
1992
1988
1993
3771
3772
1994
1996
1995
1997
1998
3773
3774
1999
2001
2000
4560
4481
2002
2003
3775
3776
2004
2006
2005
4562
4483
2007
2008
3777
3778
2009
2011
2010
2012
2013
3779
3780
2014
2016
2015
4564
4485
2017
2018
3781
3782
2019
2021
2020
4566
4487
2022
2023
3783
3784
2024
2026
2025
4568
4489
2027
2028
3785
3786
2029
3770
2031
2033
2032
4570
4491
2034
2030
2035
3788
3789
2036
2038
2037
4572
4493
2039
2040
3790
3791
2041
2043
2042
4574
4495
2044
2045
3792
3793
2046
2048
2047
4576
4497
2049
2050
3794
3795
2051
2053
2052
4578
4499
2054
2055
3796
3797
2056
2058
2057
4580
4501
2059
2060
3798
3799
2061
2063
2062
4582
4503
2064
2065
3800
3801
2066
2068
2067
4584
4505
2069
2070
3802
3803
2071
3787
2073
2075
2074
4586
4507
2076
2072
2077
3805
3806
2078
2080
2079
4588
4509
2081
2082
3807
3808
2083
2085
2084
4590
4511
2086
2087
3809
3810
2088
2090
2089
4592
4513
2091
2092
3811
3812
2093
2095
2094
4594
4515
2096
2097
3813
3814
2098
2100
2099
4596
4517
2101
2102
3815
3816
2103
2105
2104
4598
4519
2106
2107
3817
3818
2108
2110
2109
4600
4521
2111
2112
3819
3820
2113
3804
2115
2117
2116
4602
4523
2118
2114
2119
3822
3823
2120
2122
2121
4604
4525
2123
2124
3824
3825
2125
2127
2126
4606
4527
2128
2129
3826
3827
2130
2132
2131
4608
4529
2133
2134
3828
3829
2135
2137
2136
4610
4531
2138
2139
3830
3831
2140
2142
2141
4612
4533
2143
2144
3832
3833
2145
2147
2146
4614
4535
2148
2149
3834
3835
2150
2152
2151
4616
4537
2153
2154
3836
3837
2155
3821
2157
2159
2158
4618
4539
2160
2156
2161
3839
3840
2162
2164
2163
4620
4541
2165
2166
3841
3842
2167
2169
2168
4622
4543
2170
2171
3843
3844
2172
2174
2173
2175
2176
3845
3846
2177
2179
2178
2180
2181
3847
3848
2182
2184
2183
2185
2186
3849
3850
2187
2189
2188
2190
2191
3851
3852
2192
2194
2193
2195
2196
3853
3854
2197
3838
2199
2201
3729
2200
2202
2198
2203
3856
3857
2204
2206
3732
2205
2207
2208
3858
3859
2209
2211
3735
2210
2212
2213
3860
3861
2214
2216
3738
2215
2217
2218
3862
3863
2219
2221
3741
2220
2222
2223
3864
3865
2224
2226
3744
2225
2227
2228
3866
3867
2229
2231
3747
2230
2232
2233
3868
3869
2234
2236
3750
2235
2237
2238
3870
3871
2239
3855
2244
4557
2246
2241
2242
2243
2245
2240
2247
3874
3875
2251
4553
2253
2248
2249
2250
2252
2254
3877
3878
2258
4549
2260
2255
2256
2257
2259
2261
3880
3881
2265
4545
2267
2262
2263
2264
2266
2268
3883
3884
2272
4624
4547
2274
4626
2269
2270
2271
2273
2275
3886
3887
2279
4628
4551
2281
4630
2276
2277
2278
2280
2282
3889
3890
2286
4632
4555
2288
4634
2283
2284
2285
2287
2289
3892
3893
2293
4636
4559
2295
4638
2290
2291
2292
2294
2296
3895
3896
2297
3872
2299
2301
2300
2302
2298
2303
3898
3899
2304
2306
2305
2307
2308
3900
3901
2309
2311
2310
2312
2313
3902
3903
2314
2316
2315
2317
2318
3904
3905
2319
2321
2320
2322
2323
3906
3907
2324
2326
2325
2327
2328
3908
3909
2329
2331
2330
2332
2333
3910
3911
2334
2336
2335
2337
2338
3912
3913
2339
3897
2341
2343
2342
2344
2340
2345
3915
3916
2346
2348
2347
4640
4561
2349
2350
3917
3918
2351
2353
2352
4642
4563
2354
2355
3919
3920
2356
2358
2357
2359
2360
3921
3922
2361
2363
2362
4644
4565
2364
2365
3923
3924
2366
2368
2367
4646
4567
2369
2370
3925
3926
2371
2373
2372
4648
4569
2374
2375
3927
3928
2376
2378
2377
4650
4571
2379
2380
3929
3930
2381
3914
2383
2385
2384
4652
4573
2386
2382
2387
3932
3933
2388
2390
2389
4654
4575
2391
2392
3934
3935
2393
2395
2394
4656
4577
2396
2397
3936
3937
2398
2400
2399
4658
4579
2401
2402
3938
3939
2403
2405
2404
4660
4581
2406
2407
3940
3941
2408
2410
2409
4662
4583
2411
2412
3942
3943
2413
2415
2414
4664
4585
2416
2417
3944
3945
2418
2420
2419
4666
4587
2421
2422
3946
3947
2423
3931
2425
2427
2426
4668
4589
2428
2424
2429
3949
3950
2430
2432
2431
4670
4591
2433
2434
3951
3952
2435
2437
2436
4672
4593
2438
2439
3953
3954
2440
2442
2441
4674
4595
2443
2444
3955
3956
2445
2447
2446
4676
4597
2448
2449
3957
3958
2450
2452
2451
4678
4599
2453
2454
3959
3960
2455
2457
2456
4680
4601
2458
2459
3961
3962
2460
2462
2461
4682
4603
2463
2464
3963
3964
2465
3948
2467
2469
2468
4684
4605
2470
2466
2471
3966
3967
2472
2474
2473
4686
4607
2475
2476
3968
3969
2477
2479
2478
4688
4609
2480
2481
3970
3971
2482
2484
2483
4690
4611
2485
2486
3972
3973
2487
2489
2488
4692
4613
2490
2491
3974
3975
2492
2494
2493
4694
4615
2495
2496
3976
3977
2497
2499
2498
4696
4617
2500
2501
3978
3979
2502
2504
2503
4698
4619
2505
2506
3980
3981
2507
3965
2509
2511
2510
4700
4621
2512
2508
2513
3983
3984
2514
2516
2515
4702
4623
2517
2518
3985
3986
2519
2521
2520
2522
2523
3987
3988
2524
2526
2525
2527
2528
3989
3990
2529
2531
2530
2532
2533
3991
3992
2534
2536
2535
2537
2538
3993
3994
2539
2541
2540
2542
2543
3995
3996
2544
2546
2545
2547
2548
3997
3998
2549
3982
2551
2553
3873
2552
2554
2550
2555
4000
4001
2556
2558
3876
2557
2559
2560
4002
4003
2561
2563
3879
2562
2564
2565
4004
4005
2566
2568
3882
2567
2569
2570
4006
4007
2571
2573
3885
2572
2574
2575
4008
4009
2576
2578
3888
2577
2579
2580
4010
4011
2581
2583
3891
2582
2584
2585
4012
4013
2586
2588
3894
2587
2589
2590
4014
4015
2591
3999
2596
4637
2598
2946
2593
2594
2595
2597
2592
2599
4018
4019
2603
4633
2605
2950
2600
2601
2602
2604
2606
4021
4022
2610
4629
2612
2954
2607
2608
2609
2611
2613
4024
4025
2617
4625
2619
2958
2614
2615
2616
2618
2620
4027
4028
2624
4627
2626
2962
2621
2622
2623
2625
2627
4030
4031
2631
4631
2633
2966
2628
2629
2630
2632
2634
4033
4034
2638
4635
2640
2970
2635
2636
2637
2639
2641
4036
4037
2645
4639
2647
2974
2642
2643
2644
2646
2648
4039
4040
2649
4016
2651
2653
2652
2654
2978
2650
2655
4042
4043
2656
2658
2657
2659
2981
2660
4044
4045
2661
2663
2662
2664
2984
2665
4046
4047
2666
2668
2667
2669
2987
2670
4048
4049
2671
2673
2672
2674
2990
2675
4050
4051
2676
2678
2677
2679
2993
2680
4052
4053
2681
2683
2682
2684
2996
2685
4054
4055
2686
2688
2687
2689
2999
2690
4056
4057
2691
4041
2693
2695
2694
4641
2696
3003
2692
2697
4059
4060
2698
2700
2699
4643
2701
3006
2702
4061
4062
2703
2705
2704
2706
3009
2707
4063
4064
2708
2710
2709
4645
2711
3012
2712
4065
4066
2713
2715
2714
4647
2716
3015
2717
4067
4068
2718
2720
2719
4649
2721
3018
2722
4069
4070
2723
2725
2724
4651
2726
3021
2727
4071
4072
2728
2730
2729
4653
2731
3024
2732
4073
4074
2733
4058
2735
2737
2736
4655
2738
3028
2734
2739
4076
4077
2740
2742
2741
4657
2743
3031
2744
4078
4079
2745
2747
2746
4659
2748
3034
2749
4080
4081
2750
2752
2751
4661
2753
3037
2754
4082
4083
2755
2757
2756
4663
2758
3040
2759
4084
4085
2760
2762
2761
4665
2763
3043
2764
4086
4087
2765
2767
2766
4667
2768
3046
2769
4088
4089
2770
2772
2771
4669
2773
3049
2774
4090
4091
2775
4075
2777
2779
2778
4671
2780
3053
2776
2781
4093
4094
2782
2784
2783
4673
2785
3056
2786
4095
4096
2787
2789
2788
4675
2790
3059
2791
4097
4098
2792
2794
2793
4677
2795
3062
2796
4099
4100
2797
2799
2798
4679
2800
3065
2801
4101
4102
2802
2804
2803
4681
2805
3068
2806
4103
4104
2807
2809
2808
4683
2810
3071
2811
4105
4106
2812
2814
2813
4685
2815
3074
2816
4107
4108
2817
4092
2819
2821
2820
4687
2822
3078
2818
2823
4110
4111
2824
2826
2825
4689
2827
3081
2828
4112
4113
2829
2831
2830
4691
2832
3084
2833
4114
4115
2834
2836
2835
4693
2837
3087
2838
4116
4117
2839
2841
2840
4695
2842
3090
2843
4118
4119
2844
2846
2845
4697
2847
3093
2848
4120
4121
2849
2851
2850
4699
2852
3096
2853
4122
4123
2854
2856
2855
4701
2857
3099
2858
4124
4125
2859
4109
2861
2863
2862
4703
2864
3103
2860
2865
4127
4128
2866
2868
2867
2869
3106
2870
4129
4130
2871
2873
2872
2874
3109
2875
4131
4132
2876
2878
2877
2879
3112
2880
4133
4134
2881
2883
2882
2884
3115
2885
4135
4136
2886
2888
2887
2889
3118
2890
4137
4138
2891
2893
2892
2894
3121
2895
4139
4140
2896
2898
2897
2899
3124
2900
4141
4142
2901
4126
2903
2905
4017
2904
2906
3128
2902
2907
4144
4145
2908
2910
4020
2909
2911
3131
2912
4146
4147
2913
2915
4023
2914
2916
3134
2917
4148
4149
2918
2920
4026
2919
2921
3137
2922
4150
4151
2923
2925
4029
2924
2926
3140
2927
4152
4153
2928
2930
4032
2929
2931
3143
2932
4154
4155
2933
2935
4035
2934
2936
3146
2937
4156
4157
2938
2940
4038
2939
2941
3149
2942
4158
4159
2943
4143
