0
5
6
23
32
76
85
125
134
174
183
223
232
235
237
239
241
243
245
247
249
300
309
312
314
316
318
320
322
324
326
373
382
385
387
389
391
393
395
397
399
446
455
458
460
462
464
466
468
470
472
523
532
535
537
539
541
543
545
547
549
600
609
612
614
616
618
620
622
624
626
673
682
685
687
689
691
693
695
697
699
746
755
758
760
762
764
766
768
770
772
823
832
835
837
839
841
843
845
847
849
885
910
919
922
924
926
928
930
932
934
936
968
993
1002
1005
1007
1009
1011
1013
1015
1017
1019
1051
1076
1085
1088
1090
1092
1094
1096
1098
1100
1102
1134
24
33
77
86
126
135
175
184
224
233
301
310
374
383
447
456
524
533
601
610
674
683
747
756
824
833
911
920
994
1003
1077
1086
19
20
26
28
30
53
55
72
73
79
81
83
102
104
121
122
128
130
132
151
153
170
171
177
179
181
200
202
219
220
226
228
230
269
270
273
274
277
279
281
283
296
297
303
305
307
342
343
346
347
350
352
354
356
369
370
376
378
380
415
416
419
420
423
425
427
429
442
443
449
451
453
488
489
492
493
496
498
500
502
519
520
526
528
530
569
570
573
574
577
579
581
583
596
597
603
605
607
642
643
646
647
650
652
654
656
669
670
676
678
680
715
716
719
720
723
725
727
729
742
743
749
751
753
788
789
792
793
796
798
800
802
819
820
826
828
830
869
870
873
874
877
879
881
883
887
889
906
907
913
915
917
952
953
956
957
960
962
964
966
970
972
989
990
996
998
1000
1035
1036
1039
1040
1043
1045
1047
1049
1053
1055
1072
1073
1079
1081
1083
1118
1119
1122
1123
1126
1128
1130
1132
1136
1138
1
3
7
2
4
8
9
1147
1148
14
15
10
12
16
11
13
17
18
1151
1152
21
1144
22
25
1156
27
1153
1154
29
1157
31
34
1159
1161
35
40
41
36
38
1158
42
37
39
43
44
1165
1166
54
1162
45
48
50
1163
49
46
47
51
52
1169
1170
56
1167
57
60
61
63
58
59
62
64
1175
1176
67
68
70
65
66
69
71
1178
1179
74
1173
75
78
1183
80
1180
1181
82
1184
84
87
1186
1188
88
91
92
94
89
90
1185
93
95
1191
1192
103
1189
96
97
99
1190
98
100
101
1194
1195
105
1193
106
109
110
112
107
108
111
113
1200
1201
116
117
119
114
115
118
120
1203
1204
123
1198
124
127
1208
129
1205
1206
131
1209
133
136
1211
1213
137
140
141
143
138
139
1210
142
144
1216
1217
152
1214
145
146
148
1215
147
149
150
1219
1220
154
1218
155
158
159
161
1146
156
157
160
162
1225
1226
165
166
168
1150
163
164
167
169
1228
1229
172
1223
173
176
1233
178
1230
1231
180
1234
182
185
1236
1238
186
189
190
192
1164
187
188
1235
191
193
1241
1242
201
1239
194
195
197
1240
196
198
1168
199
1244
1245
203
1243
204
207
209
208
205
206
210
211
1250
1251
214
216
215
212
213
217
218
1253
1254
221
1248
222
225
1258
227
1255
1256
229
1259
231
234
1261
1263
236
238
1155
240
1265
242
1257
244
1267
246
1262
248
1160
250
1269
1270
278
1171
280
1172
1266
251
256
257
252
254
1260
258
253
255
259
260
1275
1276
271
1272
272
1281
282
1282
1285
261
264
266
1273
265
262
263
267
268
1279
1280
275
1277
276
1283
1268
284
1284
1286
285
286
288
287
289
290
1290
1291
291
293
292
294
295
1292
1293
298
1289
299
302
1297
304
1294
1295
306
1298
308
311
1300
1302
313
315
1182
317
1304
319
1296
321
1306
323
1301
325
1187
327
1308
1309
351
1196
353
1197
1305
328
331
332
334
329
330
1299
333
335
1313
1314
344
1311
345
1318
355
1319
1322
336
337
339
1312
338
340
341
1316
1317
348
1315
349
1320
1307
357
1321
1323
358
359
361
360
362
363
1327
1328
364
366
365
367
368
1329
1330
371
1326
372
375
1334
377
1331
1332
379
1335
381
384
1337
1339
386
388
1207
390
1341
392
1333
394
1343
396
1338
398
1212
400
1345
1346
424
1221
426
1222
1342
401
404
405
407
402
403
1336
406
408
1350
1351
417
1348
418
1355
428
1356
1359
409
410
412
1349
411
413
414
1353
1354
421
1352
422
1357
1344
430
1358
1360
431
432
434
433
435
1249
436
1364
1365
437
439
438
440
1252
441
1366
1367
444
1363
445
448
1371
450
1368
1369
452
1372
454
457
1374
1376
459
461
1232
463
1378
465
1370
467
1380
469
1375
471
1237
473
1382
1383
497
1246
499
1247
1379
474
477
478
480
1274
475
476
1373
479
481
1387
1388
490
1385
491
1392
501
1393
1396
482
483
485
1386
484
486
1278
487
1390
1391
494
1389
495
1394
1381
503
1395
1397
504
507
509
508
505
506
510
511
1402
1403
514
516
515
512
513
517
518
1405
1406
521
1400
522
525
1410
527
1407
1408
529
1411
531
534
1413
1415
536
538
1264
540
1417
542
1409
544
1419
546
1414
548
1271
550
1421
1422
578
1287
580
1288
1418
551
556
557
552
554
1412
558
553
555
559
560
1427
1428
571
1424
572
1433
582
1434
1437
561
564
566
1425
565
562
563
567
568
1431
1432
575
1429
576
1435
1420
584
1436
1438
585
586
588
587
589
590
1442
1443
591
593
592
594
595
1444
1445
598
1441
599
602
1449
604
1446
1447
606
1450
608
611
1452
1454
613
615
1303
617
1456
619
1448
621
1458
623
1453
625
1310
627
1460
1461
651
1324
653
1325
1457
628
631
632
634
629
630
1451
633
635
1465
1466
644
1463
645
1470
655
1471
1474
636
637
639
1464
638
640
641
1468
1469
648
1467
649
1472
1459
657
1473
1475
658
659
661
660
662
663
1479
1480
664
666
665
667
668
1481
1482
671
1478
672
675
1486
677
1483
1484
679
1487
681
684
1489
1491
686
688
1340
690
1493
692
1485
694
1495
696
1490
698
1347
700
1497
1498
724
1361
726
1362
1494
701
704
705
707
702
703
1488
706
708
1502
1503
717
1500
718
1507
728
1508
1511
709
710
712
1501
711
713
714
1505
1506
721
1504
722
1509
1496
730
1510
1512
731
732
734
733
735
1401
736
1516
1517
737
739
738
740
1404
741
1518
1519
744
1515
745
748
1523
750
1520
1521
752
1524
754
757
1526
1528
759
761
1377
763
1530
765
1522
767
1532
769
1527
771
1384
773
1534
1535
797
1398
799
1399
1531
774
777
778
780
1426
775
776
1525
779
781
1539
1540
790
1537
791
1544
801
1545
1548
782
783
785
1538
784
786
1430
787
1542
1543
794
1541
795
1546
1533
803
1547
1549
804
807
809
1145
808
805
806
810
811
1554
1555
814
816
1149
815
812
813
817
818
1557
1558
821
1552
822
825
1562
827
1559
1560
829
1563
831
834
1565
1567
836
838
1416
840
1569
842
1561
844
1571
846
1566
848
1423
850
1573
1574
878
1439
880
1440
1570
886
893
1575
894
1568
851
856
857
852
854
1564
858
853
855
859
860
1579
1580
871
1576
872
1585
882
1586
1589
888
1591
891
1594
861
864
866
1577
865
862
863
867
868
1583
1584
875
1581
876
1587
1572
884
1588
1590
890
1592
1593
892
1595
895
896
898
1174
897
899
900
1597
1598
901
903
1177
902
904
905
1599
1600
908
1596
909
912
1604
914
1601
1602
916
1605
918
921
1607
1609
923
925
1455
927
1611
929
1603
931
1613
933
1608
935
1462
937
1615
1616
961
1476
963
1477
1612
969
976
1617
977
1610
938
941
942
944
939
940
1606
943
945
1620
1621
954
1618
955
1625
965
1626
1629
971
1631
974
1634
946
947
949
1619
948
950
951
1623
1624
958
1622
959
1627
1614
967
1628
1630
973
1632
1633
975
1635
978
979
981
1199
980
982
983
1637
1638
984
986
1202
985
987
988
1639
1640
991
1636
992
995
1644
997
1641
1642
999
1645
1001
1004
1647
1649
1006
1008
1492
1010
1651
1012
1643
1014
1653
1016
1648
1018
1499
1020
1655
1656
1044
1513
1046
1514
1652
1052
1059
1657
1060
1650
1021
1024
1025
1027
1022
1023
1646
1026
1028
1660
1661
1037
1658
1038
1665
1048
1666
1669
1054
1671
1057
1674
1029
1030
1032
1659
1031
1033
1034
1663
1664
1041
1662
1042
1667
1654
1050
1668
1670
1056
1672
1673
1058
1675
1061
1062
1064
1224
1063
1065
1553
1066
1677
1678
1067
1069
1227
1068
1070
1556
1071
1679
1680
1074
1676
1075
1078
1684
1080
1681
1682
1082
1685
1084
1087
1687
1689
1089
1091
1529
1093
1691
1095
1683
1097
1693
1099
1688
1101
1536
1103
1695
1696
1127
1550
1129
1551
1692
1135
1142
1697
1143
1690
1104
1107
1108
1110
1578
1105
1106
1686
1109
1111
1700
1701
1120
1698
1121
1705
1131
1706
1709
1137
1711
1140
1714
1112
1113
1115
1699
1114
1116
1582
1117
1703
1704
1124
1702
1125
1707
1694
1133
1708
1710
1139
1712
1713
1141
1715
