0
5
6
23
32
76
85
125
134
174
183
223
232
272
281
321
330
370
379
419
428
431
433
435
437
439
441
443
445
496
505
508
510
512
514
516
518
520
522
569
578
581
583
585
587
589
591
593
595
642
651
654
656
658
660
662
664
666
668
715
724
727
729
731
733
735
737
739
741
788
797
800
802
804
806
808
810
812
814
861
870
873
875
877
879
881
883
885
887
934
943
946
948
950
952
954
956
958
960
1011
1020
1023
1025
1027
1029
1031
1033
1035
1037
1088
1097
1100
1102
1104
1106
1108
1110
1112
1114
1161
1170
1173
1175
1177
1179
1181
1183
1185
1187
1234
1243
1246
1248
1250
1252
1254
1256
1258
1260
1307
1316
1319
1321
1323
1325
1327
1329
1331
1333
1380
1389
1392
1394
1396
1398
1400
1402
1404
1406
1453
1462
1465
1467
1469
1471
1473
1475
1477
1479
1526
1535
1538
1540
1542
1544
1546
1548
1550
1552
1603
1612
1615
1617
1619
1621
1623
1625
1627
1629
1680
1689
1692
1694
1696
1698
1700
1702
1704
1706
1753
1762
1765
1767
1769
1771
1773
1775
1777
1779
1826
1835
1838
1840
1842
1844
1846
1848
1850
1852
1899
1908
1911
1913
1915
1917
1919
1921
1923
1925
1972
1981
1984
1986
1988
1990
1992
1994
1996
1998
2045
2054
2057
2059
2061
2063
2065
2067
2069
2071
2118
2127
2130
2132
2134
2136
2138
2140
2142
2144
2195
2204
2207
2209
2211
2213
2215
2217
2219
2221
2272
2281
2284
2286
2288
2290
2292
2294
2296
2298
2345
2354
2357
2359
2361
2363
2365
2367
2369
2371
2418
2427
2430
2432
2434
2436
2438
2440
2442
2444
2491
2500
2503
2505
2507
2509
2511
2513
2515
2517
2564
2573
2576
2578
2580
2582
2584
2586
2588
2590
2637
2646
2649
2651
2653
2655
2657
2659
2661
2663
2710
2719
2722
2724
2726
2728
2730
2732
2734
2736
2787
2796
2799
2801
2803
2805
2807
2809
2811
2813
2864
2873
2876
2878
2880
2882
2884
2886
2888
2890
2937
2946
2949
2951
2953
2955
2957
2959
2961
2963
3010
3019
3022
3024
3026
3028
3030
3032
3034
3036
3083
3092
3095
3097
3099
3101
3103
3105
3107
3109
3156
3165
3168
3170
3172
3174
3176
3178
3180
3182
3229
3238
3241
3243
3245
3247
3249
3251
3253
3255
3302
3311
3314
3316
3318
3320
3322
3324
3326
3328
3379
3388
3391
3393
3395
3397
3399
3401
3403
3405
3456
3465
3468
3470
3472
3474
3476
3478
3480
3482
3529
3538
3541
3543
3545
3547
3549
3551
3553
3555
3602
3611
3614
3616
3618
3620
3622
3624
3626
3628
3675
3684
3687
3689
3691
3693
3695
3697
3699
3701
3748
3757
3760
3762
3764
3766
3768
3770
3772
3774
3821
3830
3833
3835
3837
3839
3841
3843
3845
3847
3894
3903
3906
3908
3910
3912
3914
3916
3918
3920
3971
3980
3983
3985
3987
3989
3991
3993
3995
3997
4033
4058
4067
4070
4072
4074
4076
4078
4080
4082
4084
4116
4141
4150
4153
4155
4157
4159
4161
4163
4165
4167
4199
4224
4233
4236
4238
4240
4242
4244
4246
4248
4250
4282
4307
4316
4319
4321
4323
4325
4327
4329
4331
4333
4365
4390
4399
4402
4404
4406
4408
4410
4412
4414
4416
4448
4473
4482
4485
4487
4489
4491
4493
4495
4497
4499
4531
4556
4565
4568
4570
4572
4574
4576
4578
4580
4582
4614
24
33
77
86
126
135
175
184
224
233
273
282
322
331
371
380
420
429
497
506
570
579
643
652
716
725
789
798
862
871
935
944
1012
1021
1089
1098
1162
1171
1235
1244
1308
1317
1381
1390
1454
1463
1527
1536
1604
1613
1681
1690
1754
1763
1827
1836
1900
1909
1973
1982
2046
2055
2119
2128
2196
2205
2273
2282
2346
2355
2419
2428
2492
2501
2565
2574
2638
2647
2711
2720
2788
2797
2865
2874
2938
2947
3011
3020
3084
3093
3157
3166
3230
3239
3303
3312
3380
3389
3457
3466
3530
3539
3603
3612
3676
3685
3749
3758
3822
3831
3895
3904
3972
3981
4059
4068
4142
4151
4225
4234
4308
4317
4391
4400
4474
4483
4557
4566
19
20
26
28
30
53
55
72
73
79
81
83
102
104
121
122
128
130
132
151
153
170
171
177
179
181
200
202
219
220
226
228
230
249
251
268
269
275
277
279
298
300
317
318
324
326
328
347
349
366
367
373
375
377
396
398
415
416
422
424
426
465
466
469
470
473
475
477
479
492
493
499
501
503
538
539
542
543
546
548
550
552
565
566
572
574
576
611
612
615
616
619
621
623
625
638
639
645
647
649
684
685
688
689
692
694
696
698
711
712
718
720
722
757
758
761
762
765
767
769
771
784
785
791
793
795
830
831
834
835
838
840
842
844
857
858
864
866
868
903
904
907
908
911
913
915
917
930
931
937
939
941
976
977
980
981
984
986
988
990
1007
1008
1014
1016
1018
1057
1058
1061
1062
1065
1067
1069
1071
1084
1085
1091
1093
1095
1130
1131
1134
1135
1138
1140
1142
1144
1157
1158
1164
1166
1168
1203
1204
1207
1208
1211
1213
1215
1217
1230
1231
1237
1239
1241
1276
1277
1280
1281
1284
1286
1288
1290
1303
1304
1310
1312
1314
1349
1350
1353
1354
1357
1359
1361
1363
1376
1377
1383
1385
1387
1422
1423
1426
1427
1430
1432
1434
1436
1449
1450
1456
1458
1460
1495
1496
1499
1500
1503
1505
1507
1509
1522
1523
1529
1531
1533
1568
1569
1572
1573
1576
1578
1580
1582
1599
1600
1606
1608
1610
1649
1650
1653
1654
1657
1659
1661
1663
1676
1677
1683
1685
1687
1722
1723
1726
1727
1730
1732
1734
1736
1749
1750
1756
1758
1760
1795
1796
1799
1800
1803
1805
1807
1809
1822
1823
1829
1831
1833
1868
1869
1872
1873
1876
1878
1880
1882
1895
1896
1902
1904
1906
1941
1942
1945
1946
1949
1951
1953
1955
1968
1969
1975
1977
1979
2014
2015
2018
2019
2022
2024
2026
2028
2041
2042
2048
2050
2052
2087
2088
2091
2092
2095
2097
2099
2101
2114
2115
2121
2123
2125
2160
2161
2164
2165
2168
2170
2172
2174
2191
2192
2198
2200
2202
2241
2242
2245
2246
2249
2251
2253
2255
2268
2269
2275
2277
2279
2314
2315
2318
2319
2322
2324
2326
2328
2341
2342
2348
2350
2352
2387
2388
2391
2392
2395
2397
2399
2401
2414
2415
2421
2423
2425
2460
2461
2464
2465
2468
2470
2472
2474
2487
2488
2494
2496
2498
2533
2534
2537
2538
2541
2543
2545
2547
2560
2561
2567
2569
2571
2606
2607
2610
2611
2614
2616
2618
2620
2633
2634
2640
2642
2644
2679
2680
2683
2684
2687
2689
2691
2693
2706
2707
2713
2715
2717
2752
2753
2756
2757
2760
2762
2764
2766
2783
2784
2790
2792
2794
2833
2834
2837
2838
2841
2843
2845
2847
2860
2861
2867
2869
2871
2906
2907
2910
2911
2914
2916
2918
2920
2933
2934
2940
2942
2944
2979
2980
2983
2984
2987
2989
2991
2993
3006
3007
3013
3015
3017
3052
3053
3056
3057
3060
3062
3064
3066
3079
3080
3086
3088
3090
3125
3126
3129
3130
3133
3135
3137
3139
3152
3153
3159
3161
3163
3198
3199
3202
3203
3206
3208
3210
3212
3225
3226
3232
3234
3236
3271
3272
3275
3276
3279
3281
3283
3285
3298
3299
3305
3307
3309
3344
3345
3348
3349
3352
3354
3356
3358
3375
3376
3382
3384
3386
3425
3426
3429
3430
3433
3435
3437
3439
3452
3453
3459
3461
3463
3498
3499
3502
3503
3506
3508
3510
3512
3525
3526
3532
3534
3536
3571
3572
3575
3576
3579
3581
3583
3585
3598
3599
3605
3607
3609
3644
3645
3648
3649
3652
3654
3656
3658
3671
3672
3678
3680
3682
3717
3718
3721
3722
3725
3727
3729
3731
3744
3745
3751
3753
3755
3790
3791
3794
3795
3798
3800
3802
3804
3817
3818
3824
3826
3828
3863
3864
3867
3868
3871
3873
3875
3877
3890
3891
3897
3899
3901
3936
3937
3940
3941
3944
3946
3948
3950
3967
3968
3974
3976
3978
4017
4018
4021
4022
4025
4027
4029
4031
4035
4037
4054
4055
4061
4063
4065
4100
4101
4104
4105
4108
4110
4112
4114
4118
4120
4137
4138
4144
4146
4148
4183
4184
4187
4188
4191
4193
4195
4197
4201
4203
4220
4221
4227
4229
4231
4266
4267
4270
4271
4274
4276
4278
4280
4284
4286
4303
4304
4310
4312
4314
4349
4350
4353
4354
4357
4359
4361
4363
4367
4369
4386
4387
4393
4395
4397
4432
4433
4436
4437
4440
4442
4444
4446
4450
4452
4469
4470
4476
4478
4480
4515
4516
4519
4520
4523
4525
4527
4529
4533
4535
4552
4553
4559
4561
4563
4598
4599
4602
4603
4606
4608
4610
4612
4616
4618
1
3
7
2
4
8
9
4627
4628
14
15
10
12
16
11
13
17
18
4631
4632
21
4624
22
25
4636
27
4633
4634
29
4637
31
34
4639
4641
35
40
41
36
38
4638
42
37
39
43
44
4645
4646
54
4642
45
48
50
4643
49
46
47
51
52
4649
4650
56
4647
57
60
61
63
58
59
62
64
4655
4656
67
68
70
65
66
69
71
4658
4659
74
4653
75
78
4663
80
4660
4661
82
4664
84
87
4666
4668
88
91
92
94
89
90
4665
93
95
4671
4672
103
4669
96
97
99
4670
98
100
101
4674
4675
105
4673
106
109
110
112
107
108
111
113
4680
4681
116
117
119
114
115
118
120
4683
4684
123
4678
124
127
4688
129
4685
4686
131
4689
133
136
4691
4693
137
140
141
143
138
139
4690
142
144
4696
4697
152
4694
145
146
148
4695
147
149
150
4699
4700
154
4698
155
158
159
161
156
157
160
162
4705
4706
165
166
168
163
164
167
169
4708
4709
172
4703
173
176
4713
178
4710
4711
180
4714
182
185
4716
4718
186
189
190
192
187
188
4715
191
193
4721
4722
201
4719
194
195
197
4720
196
198
199
4724
4725
203
4723
204
207
208
210
205
206
209
211
4730
4731
214
215
217
212
213
216
218
4733
4734
221
4728
222
225
4738
227
4735
4736
229
4739
231
234
4741
4743
235
238
239
241
236
237
4740
240
242
4746
4747
250
4744
243
244
246
4745
245
247
248
4749
4750
252
4748
253
256
257
259
254
255
258
260
4755
4756
263
264
266
261
262
265
267
4758
4759
270
4753
271
274
4763
276
4760
4761
278
4764
280
283
4766
4768
284
287
288
290
285
286
4765
289
291
4771
4772
299
4769
292
293
295
4770
294
296
297
4774
4775
301
4773
302
305
306
308
303
304
307
309
4780
4781
312
313
315
310
311
314
316
4783
4784
319
4778
320
323
4788
325
4785
4786
327
4789
329
332
4791
4793
333
336
337
339
334
335
4790
338
340
4796
4797
348
4794
341
342
344
4795
343
345
346
4799
4800
350
4798
351
354
355
357
4626
352
353
356
358
4805
4806
361
362
364
4630
359
360
363
365
4808
4809
368
4803
369
372
4813
374
4810
4811
376
4814
378
381
4816
4818
382
385
386
388
4644
383
384
4815
387
389
4821
4822
397
4819
390
391
393
4820
392
394
4648
395
4824
4825
399
4823
400
403
405
404
401
402
406
407
4830
4831
410
412
411
408
409
413
414
4833
4834
417
4828
418
421
4838
423
4835
4836
425
4839
427
430
4841
4843
432
434
4635
436
4845
438
4837
440
4847
442
4842
444
4640
446
4849
4850
474
4651
476
4652
4846
447
452
453
448
450
4840
454
449
451
455
456
4855
4856
467
4852
468
4861
478
4862
4865
457
460
462
4853
461
458
459
463
464
4859
4860
471
4857
472
4863
4848
480
4864
4866
481
482
484
483
485
486
4870
4871
487
489
488
490
491
4872
4873
494
4869
495
498
4877
500
4874
4875
502
4878
504
507
4880
4882
509
511
4662
513
4884
515
4876
517
4886
519
4881
521
4667
523
4888
4889
547
4676
549
4677
4885
524
527
528
530
525
526
4879
529
531
4893
4894
540
4891
541
4898
551
4899
4902
532
533
535
4892
534
536
537
4896
4897
544
4895
545
4900
4887
553
4901
4903
554
555
557
556
558
559
4907
4908
560
562
561
563
564
4909
4910
567
4906
568
571
4914
573
4911
4912
575
4915
577
580
4917
4919
582
584
4687
586
4921
588
4913
590
4923
592
4918
594
4692
596
4925
4926
620
4701
622
4702
4922
597
600
601
603
598
599
4916
602
604
4930
4931
613
4928
614
4935
624
4936
4939
605
606
608
4929
607
609
610
4933
4934
617
4932
618
4937
4924
626
4938
4940
627
628
630
629
631
632
4944
4945
633
635
634
636
637
4946
4947
640
4943
641
644
4951
646
4948
4949
648
4952
650
653
4954
4956
655
657
4712
659
4958
661
4950
663
4960
665
4955
667
4717
669
4962
4963
693
4726
695
4727
4959
670
673
674
676
671
672
4953
675
677
4967
4968
686
4965
687
4972
697
4973
4976
678
679
681
4966
680
682
683
4970
4971
690
4969
691
4974
4961
699
4975
4977
700
701
703
702
704
705
4981
4982
706
708
707
709
710
4983
4984
713
4980
714
717
4988
719
4985
4986
721
4989
723
726
4991
4993
728
730
4737
732
4995
734
4987
736
4997
738
4992
740
4742
742
4999
5000
766
4751
768
4752
4996
743
746
747
749
744
745
4990
748
750
5004
5005
759
5002
760
5009
770
5010
5013
751
752
754
5003
753
755
756
5007
5008
763
5006
764
5011
4998
772
5012
5014
773
774
776
775
777
778
5018
5019
779
781
780
782
783
5020
5021
786
5017
787
790
5025
792
5022
5023
794
5026
796
799
5028
5030
801
803
4762
805
5032
807
5024
809
5034
811
5029
813
4767
815
5036
5037
839
4776
841
4777
5033
816
819
820
822
817
818
5027
821
823
5041
5042
832
5039
833
5046
843
5047
5050
824
825
827
5040
826
828
829
5044
5045
836
5043
837
5048
5035
845
5049
5051
846
847
849
848
850
851
5055
5056
852
854
853
855
856
5057
5058
859
5054
860
863
5062
865
5059
5060
867
5063
869
872
5065
5067
874
876
4787
878
5069
880
5061
882
5071
884
5066
886
4792
888
5073
5074
912
4801
914
4802
5070
889
892
893
895
890
891
5064
894
896
5078
5079
905
5076
906
5083
916
5084
5087
897
898
900
5077
899
901
902
5081
5082
909
5080
910
5085
5072
918
5086
5088
919
920
922
921
923
4829
924
5092
5093
925
927
926
928
4832
929
5094
5095
932
5091
933
936
5099
938
5096
5097
940
5100
942
945
5102
5104
947
949
4812
951
5106
953
5098
955
5108
957
5103
959
4817
961
5110
5111
985
4826
987
4827
5107
962
965
966
968
4854
963
964
5101
967
969
5115
5116
978
5113
979
5120
989
5121
5124
970
971
973
5114
972
974
4858
975
5118
5119
982
5117
983
5122
5109
991
5123
5125
992
995
997
996
993
994
998
999
5130
5131
1002
1004
1003
1000
1001
1005
1006
5133
5134
1009
5128
1010
1013
5138
1015
5135
5136
1017
5139
1019
1022
5141
5143
1024
1026
4844
1028
5145
1030
5137
1032
5147
1034
5142
1036
4851
1038
5149
5150
1066
4867
1068
4868
5146
1039
1044
1045
1040
1042
5140
1046
1041
1043
1047
1048
5155
5156
1059
5152
1060
5161
1070
5162
5165
1049
1052
1054
5153
1053
1050
1051
1055
1056
5159
5160
1063
5157
1064
5163
5148
1072
5164
5166
1073
1074
1076
1075
1077
1078
5170
5171
1079
1081
1080
1082
1083
5172
5173
1086
5169
1087
1090
5177
1092
5174
5175
1094
5178
1096
1099
5180
5182
1101
1103
4883
1105
5184
1107
5176
1109
5186
1111
5181
1113
4890
1115
5188
5189
1139
4904
1141
4905
5185
1116
1119
1120
1122
1117
1118
5179
1121
1123
5193
5194
1132
5191
1133
5198
1143
5199
5202
1124
1125
1127
5192
1126
1128
1129
5196
5197
1136
5195
1137
5200
5187
1145
5201
5203
1146
1147
1149
1148
1150
1151
5207
5208
1152
1154
1153
1155
1156
5209
5210
1159
5206
1160
1163
5214
1165
5211
5212
1167
5215
1169
1172
5217
5219
1174
1176
4920
1178
5221
1180
5213
1182
5223
1184
5218
1186
4927
1188
5225
5226
1212
4941
1214
4942
5222
1189
1192
1193
1195
1190
1191
5216
1194
1196
5230
5231
1205
5228
1206
5235
1216
5236
5239
1197
1198
1200
5229
1199
1201
1202
5233
5234
1209
5232
1210
5237
5224
1218
5238
5240
1219
1220
1222
1221
1223
1224
5244
5245
1225
1227
1226
1228
1229
5246
5247
1232
5243
1233
1236
5251
1238
5248
5249
1240
5252
1242
1245
5254
5256
1247
1249
4957
1251
5258
1253
5250
1255
5260
1257
5255
1259
4964
1261
5262
5263
1285
4978
1287
4979
5259
1262
1265
1266
1268
1263
1264
5253
1267
1269
5267
5268
1278
5265
1279
5272
1289
5273
5276
1270
1271
1273
5266
1272
1274
1275
5270
5271
1282
5269
1283
5274
5261
1291
5275
5277
1292
1293
1295
1294
1296
1297
5281
5282
1298
1300
1299
1301
1302
5283
5284
1305
5280
1306
1309
5288
1311
5285
5286
1313
5289
1315
1318
5291
5293
1320
1322
4994
1324
5295
1326
5287
1328
5297
1330
5292
1332
5001
1334
5299
5300
1358
5015
1360
5016
5296
1335
1338
1339
1341
1336
1337
5290
1340
1342
5304
5305
1351
5302
1352
5309
1362
5310
5313
1343
1344
1346
5303
1345
1347
1348
5307
5308
1355
5306
1356
5311
5298
1364
5312
5314
1365
1366
1368
1367
1369
1370
5318
5319
1371
1373
1372
1374
1375
5320
5321
1378
5317
1379
1382
5325
1384
5322
5323
1386
5326
1388
1391
5328
5330
1393
1395
5031
1397
5332
1399
5324
1401
5334
1403
5329
1405
5038
1407
5336
5337
1431
5052
1433
5053
5333
1408
1411
1412
1414
1409
1410
5327
1413
1415
5341
5342
1424
5339
1425
5346
1435
5347
5350
1416
1417
1419
5340
1418
1420
1421
5344
5345
1428
5343
1429
5348
5335
1437
5349
5351
1438
1439
1441
1440
1442
1443
5355
5356
1444
1446
1445
1447
1448
5357
5358
1451
5354
1452
1455
5362
1457
5359
5360
1459
5363
1461
1464
5365
5367
1466
1468
5068
1470
5369
1472
5361
1474
5371
1476
5366
1478
5075
1480
5373
5374
1504
5089
1506
5090
5370
1481
1484
1485
1487
1482
1483
5364
1486
1488
5378
5379
1497
5376
1498
5383
1508
5384
5387
1489
1490
1492
5377
1491
1493
1494
5381
5382
1501
5380
1502
5385
5372
1510
5386
5388
1511
1512
1514
1513
1515
5129
1516
5392
5393
1517
1519
1518
1520
5132
1521
5394
5395
1524
5391
1525
1528
5399
1530
5396
5397
1532
5400
1534
1537
5402
5404
1539
1541
5105
1543
5406
1545
5398
1547
5408
1549
5403
1551
5112
1553
5410
5411
1577
5126
1579
5127
5407
1554
1557
1558
1560
5154
1555
1556
5401
1559
1561
5415
5416
1570
5413
1571
5420
1581
5421
5424
1562
1563
1565
5414
1564
1566
5158
1567
5418
5419
1574
5417
1575
5422
5409
1583
5423
5425
1584
1587
1589
1588
1585
1586
1590
1591
5430
5431
1594
1596
1595
1592
1593
1597
1598
5433
5434
1601
5428
1602
1605
5438
1607
5435
5436
1609
5439
1611
1614
5441
5443
1616
1618
5144
1620
5445
1622
5437
1624
5447
1626
5442
1628
5151
1630
5449
5450
1658
5167
1660
5168
5446
1631
1636
1637
1632
1634
5440
1638
1633
1635
1639
1640
5455
5456
1651
5452
1652
5461
1662
5462
5465
1641
1644
1646
5453
1645
1642
1643
1647
1648
5459
5460
1655
5457
1656
5463
5448
1664
5464
5466
1665
1666
1668
1667
1669
1670
5470
5471
1671
1673
1672
1674
1675
5472
5473
1678
5469
1679
1682
5477
1684
5474
5475
1686
5478
1688
1691
5480
5482
1693
1695
5183
1697
5484
1699
5476
1701
5486
1703
5481
1705
5190
1707
5488
5489
1731
5204
1733
5205
5485
1708
1711
1712
1714
1709
1710
5479
1713
1715
5493
5494
1724
5491
1725
5498
1735
5499
5502
1716
1717
1719
5492
1718
1720
1721
5496
5497
1728
5495
1729
5500
5487
1737
5501
5503
1738
1739
1741
1740
1742
1743
5507
5508
1744
1746
1745
1747
1748
5509
5510
1751
5506
1752
1755
5514
1757
5511
5512
1759
5515
1761
1764
5517
5519
1766
1768
5220
1770
5521
1772
5513
1774
5523
1776
5518
1778
5227
1780
5525
5526
1804
5241
1806
5242
5522
1781
1784
1785
1787
1782
1783
5516
1786
1788
5530
5531
1797
5528
1798
5535
1808
5536
5539
1789
1790
1792
5529
1791
1793
1794
5533
5534
1801
5532
1802
5537
5524
1810
5538
5540
1811
1812
1814
1813
1815
1816
5544
5545
1817
1819
1818
1820
1821
5546
5547
1824
5543
1825
1828
5551
1830
5548
5549
1832
5552
1834
1837
5554
5556
1839
1841
5257
1843
5558
1845
5550
1847
5560
1849
5555
1851
5264
1853
5562
5563
1877
5278
1879
5279
5559
1854
1857
1858
1860
1855
1856
5553
1859
1861
5567
5568
1870
5565
1871
5572
1881
5573
5576
1862
1863
1865
5566
1864
1866
1867
5570
5571
1874
5569
1875
5574
5561
1883
5575
5577
1884
1885
1887
1886
1888
1889
5581
5582
1890
1892
1891
1893
1894
5583
5584
1897
5580
1898
1901
5588
1903
5585
5586
1905
5589
1907
1910
5591
5593
1912
1914
5294
1916
5595
1918
5587
1920
5597
1922
5592
1924
5301
1926
5599
5600
1950
5315
1952
5316
5596
1927
1930
1931
1933
1928
1929
5590
1932
1934
5604
5605
1943
5602
1944
5609
1954
5610
5613
1935
1936
1938
5603
1937
1939
1940
5607
5608
1947
5606
1948
5611
5598
1956
5612
5614
1957
1958
1960
1959
1961
1962
5618
5619
1963
1965
1964
1966
1967
5620
5621
1970
5617
1971
1974
5625
1976
5622
5623
1978
5626
1980
1983
5628
5630
1985
1987
5331
1989
5632
1991
5624
1993
5634
1995
5629
1997
5338
1999
5636
5637
2023
5352
2025
5353
5633
2000
2003
2004
2006
2001
2002
5627
2005
2007
5641
5642
2016
5639
2017
5646
2027
5647
5650
2008
2009
2011
5640
2010
2012
2013
5644
5645
2020
5643
2021
5648
5635
2029
5649
5651
2030
2031
2033
2032
2034
2035
5655
5656
2036
2038
2037
2039
2040
5657
5658
2043
5654
2044
2047
5662
2049
5659
5660
2051
5663
2053
2056
5665
5667
2058
2060
5368
2062
5669
2064
5661
2066
5671
2068
5666
2070
5375
2072
5673
5674
2096
5389
2098
5390
5670
2073
2076
2077
2079
2074
2075
5664
2078
2080
5678
5679
2089
5676
2090
5683
2100
5684
5687
2081
2082
2084
5677
2083
2085
2086
5681
5682
2093
5680
2094
5685
5672
2102
5686
5688
2103
2104
2106
2105
2107
5429
2108
5692
5693
2109
2111
2110
2112
5432
2113
5694
5695
2116
5691
2117
2120
5699
2122
5696
5697
2124
5700
2126
2129
5702
5704
2131
2133
5405
2135
5706
2137
5698
2139
5708
2141
5703
2143
5412
2145
5710
5711
2169
5426
2171
5427
5707
2146
2149
2150
2152
5454
2147
2148
5701
2151
2153
5715
5716
2162
5713
2163
5720
2173
5721
5724
2154
2155
2157
5714
2156
2158
5458
2159
5718
5719
2166
5717
2167
5722
5709
2175
5723
5725
2176
2179
2181
2180
2177
2178
2182
2183
5730
5731
2186
2188
2187
2184
2185
2189
2190
5733
5734
2193
5728
2194
2197
5738
2199
5735
5736
2201
5739
2203
2206
5741
5743
2208
2210
5444
2212
5745
2214
5737
2216
5747
2218
5742
2220
5451
2222
5749
5750
2250
5467
2252
5468
5746
2223
2228
2229
2224
2226
5740
2230
2225
2227
2231
2232
5755
5756
2243
5752
2244
5761
2254
5762
5765
2233
2236
2238
5753
2237
2234
2235
2239
2240
5759
5760
2247
5757
2248
5763
5748
2256
5764
5766
2257
2258
2260
2259
2261
2262
5770
5771
2263
2265
2264
2266
2267
5772
5773
2270
5769
2271
2274
5777
2276
5774
5775
2278
5778
2280
2283
5780
5782
2285
2287
5483
2289
5784
2291
5776
2293
5786
2295
5781
2297
5490
2299
5788
5789
2323
5504
2325
5505
5785
2300
2303
2304
2306
2301
2302
5779
2305
2307
5793
5794
2316
5791
2317
5798
2327
5799
5802
2308
2309
2311
5792
2310
2312
2313
5796
5797
2320
5795
2321
5800
5787
2329
5801
5803
2330
2331
2333
2332
2334
2335
5807
5808
2336
2338
2337
2339
2340
5809
5810
2343
5806
2344
2347
5814
2349
5811
5812
2351
5815
2353
2356
5817
5819
2358
2360
5520
2362
5821
2364
5813
2366
5823
2368
5818
2370
5527
2372
5825
5826
2396
5541
2398
5542
5822
2373
2376
2377
2379
2374
2375
5816
2378
2380
5830
5831
2389
5828
2390
5835
2400
5836
5839
2381
2382
2384
5829
2383
2385
2386
5833
5834
2393
5832
2394
5837
5824
2402
5838
5840
2403
2404
2406
2405
2407
2408
5844
5845
2409
2411
2410
2412
2413
5846
5847
2416
5843
2417
2420
5851
2422
5848
5849
2424
5852
2426
2429
5854
5856
2431
2433
5557
2435
5858
2437
5850
2439
5860
2441
5855
2443
5564
2445
5862
5863
2469
5578
2471
5579
5859
2446
2449
2450
2452
2447
2448
5853
2451
2453
5867
5868
2462
5865
2463
5872
2473
5873
5876
2454
2455
2457
5866
2456
2458
2459
5870
5871
2466
5869
2467
5874
5861
2475
5875
5877
2476
2477
2479
2478
2480
2481
5881
5882
2482
2484
2483
2485
2486
5883
5884
2489
5880
2490
2493
5888
2495
5885
5886
2497
5889
2499
2502
5891
5893
2504
2506
5594
2508
5895
2510
5887
2512
5897
2514
5892
2516
5601
2518
5899
5900
2542
5615
2544
5616
5896
2519
2522
2523
2525
2520
2521
5890
2524
2526
5904
5905
2535
5902
2536
5909
2546
5910
5913
2527
2528
2530
5903
2529
2531
2532
5907
5908
2539
5906
2540
5911
5898
2548
5912
5914
2549
2550
2552
2551
2553
2554
5918
5919
2555
2557
2556
2558
2559
5920
5921
2562
5917
2563
2566
5925
2568
5922
5923
2570
5926
2572
2575
5928
5930
2577
2579
5631
2581
5932
2583
5924
2585
5934
2587
5929
2589
5638
2591
5936
5937
2615
5652
2617
5653
5933
2592
2595
2596
2598
2593
2594
5927
2597
2599
5941
5942
2608
5939
2609
5946
2619
5947
5950
2600
2601
2603
5940
2602
2604
2605
5944
5945
2612
5943
2613
5948
5935
2621
5949
5951
2622
2623
2625
2624
2626
2627
5955
5956
2628
2630
2629
2631
2632
5957
5958
2635
5954
2636
2639
5962
2641
5959
5960
2643
5963
2645
2648
5965
5967
2650
2652
5668
2654
5969
2656
5961
2658
5971
2660
5966
2662
5675
2664
5973
5974
2688
5689
2690
5690
5970
2665
2668
2669
2671
2666
2667
5964
2670
2672
5978
5979
2681
5976
2682
5983
2692
5984
5987
2673
2674
2676
5977
2675
2677
2678
5981
5982
2685
5980
2686
5985
5972
2694
5986
5988
2695
2696
2698
2697
2699
5729
2700
5992
5993
2701
2703
2702
2704
5732
2705
5994
5995
2708
5991
2709
2712
5999
2714
5996
5997
2716
6000
2718
2721
6002
6004
2723
2725
5705
2727
6006
2729
5998
2731
6008
2733
6003
2735
5712
2737
6010
6011
2761
5726
2763
5727
6007
2738
2741
2742
2744
5754
2739
2740
6001
2743
2745
6015
6016
2754
6013
2755
6020
2765
6021
6024
2746
2747
2749
6014
2748
2750
5758
2751
6018
6019
2758
6017
2759
6022
6009
2767
6023
6025
2768
2771
2773
2772
2769
2770
2774
2775
6030
6031
2778
2780
2779
2776
2777
2781
2782
6033
6034
2785
6028
2786
2789
6038
2791
6035
6036
2793
6039
2795
2798
6041
6043
2800
2802
5744
2804
6045
2806
6037
2808
6047
2810
6042
2812
5751
2814
6049
6050
2842
5767
2844
5768
6046
2815
2820
2821
2816
2818
6040
2822
2817
2819
2823
2824
6055
6056
2835
6052
2836
6061
2846
6062
6065
2825
2828
2830
6053
2829
2826
2827
2831
2832
6059
6060
2839
6057
2840
6063
6048
2848
6064
6066
2849
2850
2852
2851
2853
2854
6070
6071
2855
2857
2856
2858
2859
6072
6073
2862
6069
2863
2866
6077
2868
6074
6075
2870
6078
2872
2875
6080
6082
2877
2879
5783
2881
6084
2883
6076
2885
6086
2887
6081
2889
5790
2891
6088
6089
2915
5804
2917
5805
6085
2892
2895
2896
2898
2893
2894
6079
2897
2899
6093
6094
2908
6091
2909
6098
2919
6099
6102
2900
2901
2903
6092
2902
2904
2905
6096
6097
2912
6095
2913
6100
6087
2921
6101
6103
2922
2923
2925
2924
2926
2927
6107
6108
2928
2930
2929
2931
2932
6109
6110
2935
6106
2936
2939
6114
2941
6111
6112
2943
6115
2945
2948
6117
6119
2950
2952
5820
2954
6121
2956
6113
2958
6123
2960
6118
2962
5827
2964
6125
6126
2988
5841
2990
5842
6122
2965
2968
2969
2971
2966
2967
6116
2970
2972
6130
6131
2981
6128
2982
6135
2992
6136
6139
2973
2974
2976
6129
2975
2977
2978
6133
6134
2985
6132
2986
6137
6124
2994
6138
6140
2995
2996
2998
2997
2999
3000
6144
6145
3001
3003
3002
3004
3005
6146
6147
3008
6143
3009
3012
6151
3014
6148
6149
3016
6152
3018
3021
6154
6156
3023
3025
5857
3027
6158
3029
6150
3031
6160
3033
6155
3035
5864
3037
6162
6163
3061
5878
3063
5879
6159
3038
3041
3042
3044
3039
3040
6153
3043
3045
6167
6168
3054
6165
3055
6172
3065
6173
6176
3046
3047
3049
6166
3048
3050
3051
6170
6171
3058
6169
3059
6174
6161
3067
6175
6177
3068
3069
3071
3070
3072
3073
6181
6182
3074
3076
3075
3077
3078
6183
6184
3081
6180
3082
3085
6188
3087
6185
6186
3089
6189
3091
3094
6191
6193
3096
3098
5894
3100
6195
3102
6187
3104
6197
3106
6192
3108
5901
3110
6199
6200
3134
5915
3136
5916
6196
3111
3114
3115
3117
3112
3113
6190
3116
3118
6204
6205
3127
6202
3128
6209
3138
6210
6213
3119
3120
3122
6203
3121
3123
3124
6207
6208
3131
6206
3132
6211
6198
3140
6212
6214
3141
3142
3144
3143
3145
3146
6218
6219
3147
3149
3148
3150
3151
6220
6221
3154
6217
3155
3158
6225
3160
6222
6223
3162
6226
3164
3167
6228
6230
3169
3171
5931
3173
6232
3175
6224
3177
6234
3179
6229
3181
5938
3183
6236
6237
3207
5952
3209
5953
6233
3184
3187
3188
3190
3185
3186
6227
3189
3191
6241
6242
3200
6239
3201
6246
3211
6247
6250
3192
3193
3195
6240
3194
3196
3197
6244
6245
3204
6243
3205
6248
6235
3213
6249
6251
3214
3215
3217
3216
3218
3219
6255
6256
3220
3222
3221
3223
3224
6257
6258
3227
6254
3228
3231
6262
3233
6259
6260
3235
6263
3237
3240
6265
6267
3242
3244
5968
3246
6269
3248
6261
3250
6271
3252
6266
3254
5975
3256
6273
6274
3280
5989
3282
5990
6270
3257
3260
3261
3263
3258
3259
6264
3262
3264
6278
6279
3273
6276
3274
6283
3284
6284
6287
3265
3266
3268
6277
3267
3269
3270
6281
6282
3277
6280
3278
6285
6272
3286
6286
6288
3287
3288
3290
3289
3291
6029
3292
6292
6293
3293
3295
3294
3296
6032
3297
6294
6295
3300
6291
3301
3304
6299
3306
6296
6297
3308
6300
3310
3313
6302
6304
3315
3317
6005
3319
6306
3321
6298
3323
6308
3325
6303
3327
6012
3329
6310
6311
3353
6026
3355
6027
6307
3330
3333
3334
3336
6054
3331
3332
6301
3335
3337
6315
6316
3346
6313
3347
6320
3357
6321
6324
3338
3339
3341
6314
3340
3342
6058
3343
6318
6319
3350
6317
3351
6322
6309
3359
6323
6325
3360
3363
3365
3364
3361
3362
3366
3367
6330
6331
3370
3372
3371
3368
3369
3373
3374
6333
6334
3377
6328
3378
3381
6338
3383
6335
6336
3385
6339
3387
3390
6341
6343
3392
3394
6044
3396
6345
3398
6337
3400
6347
3402
6342
3404
6051
3406
6349
6350
3434
6067
3436
6068
6346
3407
3412
3413
3408
3410
6340
3414
3409
3411
3415
3416
6355
6356
3427
6352
3428
6361
3438
6362
6365
3417
3420
3422
6353
3421
3418
3419
3423
3424
6359
6360
3431
6357
3432
6363
6348
3440
6364
6366
3441
3442
3444
3443
3445
3446
6370
6371
3447
3449
3448
3450
3451
6372
6373
3454
6369
3455
3458
6377
3460
6374
6375
3462
6378
3464
3467
6380
6382
3469
3471
6083
3473
6384
3475
6376
3477
6386
3479
6381
3481
6090
3483
6388
6389
3507
6104
3509
6105
6385
3484
3487
3488
3490
3485
3486
6379
3489
3491
6393
6394
3500
6391
3501
6398
3511
6399
6402
3492
3493
3495
6392
3494
3496
3497
6396
6397
3504
6395
3505
6400
6387
3513
6401
6403
3514
3515
3517
3516
3518
3519
6407
6408
3520
3522
3521
3523
3524
6409
6410
3527
6406
3528
3531
6414
3533
6411
6412
3535
6415
3537
3540
6417
6419
3542
3544
6120
3546
6421
3548
6413
3550
6423
3552
6418
3554
6127
3556
6425
6426
3580
6141
3582
6142
6422
3557
3560
3561
3563
3558
3559
6416
3562
3564
6430
6431
3573
6428
3574
6435
3584
6436
6439
3565
3566
3568
6429
3567
3569
3570
6433
6434
3577
6432
3578
6437
6424
3586
6438
6440
3587
3588
3590
3589
3591
3592
6444
6445
3593
3595
3594
3596
3597
6446
6447
3600
6443
3601
3604
6451
3606
6448
6449
3608
6452
3610
3613
6454
6456
3615
3617
6157
3619
6458
3621
6450
3623
6460
3625
6455
3627
6164
3629
6462
6463
3653
6178
3655
6179
6459
3630
3633
3634
3636
3631
3632
6453
3635
3637
6467
6468
3646
6465
3647
6472
3657
6473
6476
3638
3639
3641
6466
3640
3642
3643
6470
6471
3650
6469
3651
6474
6461
3659
6475
6477
3660
3661
3663
3662
3664
3665
6481
6482
3666
3668
3667
3669
3670
6483
6484
3673
6480
3674
3677
6488
3679
6485
6486
3681
6489
3683
3686
6491
6493
3688
3690
6194
3692
6495
3694
6487
3696
6497
3698
6492
3700
6201
3702
6499
6500
3726
6215
3728
6216
6496
3703
3706
3707
3709
3704
3705
6490
3708
3710
6504
6505
3719
6502
3720
6509
3730
6510
6513
3711
3712
3714
6503
3713
3715
3716
6507
6508
3723
6506
3724
6511
6498
3732
6512
6514
3733
3734
3736
3735
3737
3738
6518
6519
3739
3741
3740
3742
3743
6520
6521
3746
6517
3747
3750
6525
3752
6522
6523
3754
6526
3756
3759
6528
6530
3761
3763
6231
3765
6532
3767
6524
3769
6534
3771
6529
3773
6238
3775
6536
6537
3799
6252
3801
6253
6533
3776
3779
3780
3782
3777
3778
6527
3781
3783
6541
6542
3792
6539
3793
6546
3803
6547
6550
3784
3785
3787
6540
3786
3788
3789
6544
6545
3796
6543
3797
6548
6535
3805
6549
6551
3806
3807
3809
3808
3810
3811
6555
6556
3812
3814
3813
3815
3816
6557
6558
3819
6554
3820
3823
6562
3825
6559
6560
3827
6563
3829
3832
6565
6567
3834
3836
6268
3838
6569
3840
6561
3842
6571
3844
6566
3846
6275
3848
6573
6574
3872
6289
3874
6290
6570
3849
3852
3853
3855
3850
3851
6564
3854
3856
6578
6579
3865
6576
3866
6583
3876
6584
6587
3857
3858
3860
6577
3859
3861
3862
6581
6582
3869
6580
3870
6585
6572
3878
6586
6588
3879
3880
3882
3881
3883
6329
3884
6592
6593
3885
3887
3886
3888
6332
3889
6594
6595
3892
6591
3893
3896
6599
3898
6596
6597
3900
6600
3902
3905
6602
6604
3907
3909
6305
3911
6606
3913
6598
3915
6608
3917
6603
3919
6312
3921
6610
6611
3945
6326
3947
6327
6607
3922
3925
3926
3928
6354
3923
3924
6601
3927
3929
6615
6616
3938
6613
3939
6620
3949
6621
6624
3930
3931
3933
6614
3932
3934
6358
3935
6618
6619
3942
6617
3943
6622
6609
3951
6623
6625
3952
3955
3957
4625
3956
3953
3954
3958
3959
6630
6631
3962
3964
4629
3963
3960
3961
3965
3966
6633
6634
3969
6628
3970
3973
6638
3975
6635
6636
3977
6639
3979
3982
6641
6643
3984
3986
6344
3988
6645
3990
6637
3992
6647
3994
6642
3996
6351
3998
6649
6650
4026
6367
4028
6368
6646
4034
4041
6651
4042
6644
3999
4004
4005
4000
4002
6640
4006
4001
4003
4007
4008
6655
6656
4019
6652
4020
6661
4030
6662
6665
4036
6667
4039
6670
4009
4012
4014
6653
4013
4010
4011
4015
4016
6659
6660
4023
6657
4024
6663
6648
4032
6664
6666
4038
6668
6669
4040
6671
4043
4044
4046
4654
4045
4047
4048
6673
6674
4049
4051
4657
4050
4052
4053
6675
6676
4056
6672
4057
4060
6680
4062
6677
6678
4064
6681
4066
4069
6683
6685
4071
4073
6383
4075
6687
4077
6679
4079
6689
4081
6684
4083
6390
4085
6691
6692
4109
6404
4111
6405
6688
4117
4124
6693
4125
6686
4086
4089
4090
4092
4087
4088
6682
4091
4093
6696
6697
4102
6694
4103
6701
4113
6702
6705
4119
6707
4122
6710
4094
4095
4097
6695
4096
4098
4099
6699
6700
4106
6698
4107
6703
6690
4115
6704
6706
4121
6708
6709
4123
6711
4126
4127
4129
4679
4128
4130
4131
6713
6714
4132
4134
4682
4133
4135
4136
6715
6716
4139
6712
4140
4143
6720
4145
6717
6718
4147
6721
4149
4152
6723
6725
4154
4156
6420
4158
6727
4160
6719
4162
6729
4164
6724
4166
6427
4168
6731
6732
4192
6441
4194
6442
6728
4200
4207
6733
4208
6726
4169
4172
4173
4175
4170
4171
6722
4174
4176
6736
6737
4185
6734
4186
6741
4196
6742
6745
4202
6747
4205
6750
4177
4178
4180
6735
4179
4181
4182
6739
6740
4189
6738
4190
6743
6730
4198
6744
6746
4204
6748
6749
4206
6751
4209
4210
4212
4704
4211
4213
4214
6753
6754
4215
4217
4707
4216
4218
4219
6755
6756
4222
6752
4223
4226
6760
4228
6757
6758
4230
6761
4232
4235
6763
6765
4237
4239
6457
4241
6767
4243
6759
4245
6769
4247
6764
4249
6464
4251
6771
6772
4275
6478
4277
6479
6768
4283
4290
6773
4291
6766
4252
4255
4256
4258
4253
4254
6762
4257
4259
6776
6777
4268
6774
4269
6781
4279
6782
6785
4285
6787
4288
6790
4260
4261
4263
6775
4262
4264
4265
6779
6780
4272
6778
4273
6783
6770
4281
6784
6786
4287
6788
6789
4289
6791
4292
4293
4295
4729
4294
4296
4297
6793
6794
4298
4300
4732
4299
4301
4302
6795
6796
4305
6792
4306
4309
6800
4311
6797
6798
4313
6801
4315
4318
6803
6805
4320
4322
6494
4324
6807
4326
6799
4328
6809
4330
6804
4332
6501
4334
6811
6812
4358
6515
4360
6516
6808
4366
4373
6813
4374
6806
4335
4338
4339
4341
4336
4337
6802
4340
4342
6816
6817
4351
6814
4352
6821
4362
6822
6825
4368
6827
4371
6830
4343
4344
4346
6815
4345
4347
4348
6819
6820
4355
6818
4356
6823
6810
4364
6824
6826
4370
6828
6829
4372
6831
4375
4376
4378
4754
4377
4379
4380
6833
6834
4381
4383
4757
4382
4384
4385
6835
6836
4388
6832
4389
4392
6840
4394
6837
6838
4396
6841
4398
4401
6843
6845
4403
4405
6531
4407
6847
4409
6839
4411
6849
4413
6844
4415
6538
4417
6851
6852
4441
6552
4443
6553
6848
4449
4456
6853
4457
6846
4418
4421
4422
4424
4419
4420
6842
4423
4425
6856
6857
4434
6854
4435
6861
4445
6862
6865
4451
6867
4454
6870
4426
4427
4429
6855
4428
4430
4431
6859
6860
4438
6858
4439
6863
6850
4447
6864
6866
4453
6868
6869
4455
6871
4458
4459
4461
4779
4460
4462
4463
6873
6874
4464
4466
4782
4465
4467
4468
6875
6876
4471
6872
4472
4475
6880
4477
6877
6878
4479
6881
4481
4484
6883
6885
4486
4488
6568
4490
6887
4492
6879
4494
6889
4496
6884
4498
6575
4500
6891
6892
4524
6589
4526
6590
6888
4532
4539
6893
4540
6886
4501
4504
4505
4507
4502
4503
6882
4506
4508
6896
6897
4517
6894
4518
6901
4528
6902
6905
4534
6907
4537
6910
4509
4510
4512
6895
4511
4513
4514
6899
6900
4521
6898
4522
6903
6890
4530
6904
6906
4536
6908
6909
4538
6911
4541
4542
4544
4804
4543
4545
6629
4546
6913
6914
4547
4549
4807
4548
4550
6632
4551
6915
6916
4554
6912
4555
4558
6920
4560
6917
6918
4562
6921
4564
4567
6923
6925
4569
4571
6605
4573
6927
4575
6919
4577
6929
4579
6924
4581
6612
4583
6931
6932
4607
6626
4609
6627
6928
4615
4622
6933
4623
6926
4584
4587
4588
4590
6654
4585
4586
6922
4589
4591
6936
6937
4600
6934
4601
6941
4611
6942
6945
4617
6947
4620
6950
4592
4593
4595
6935
4594
4596
6658
4597
6939
6940
4604
6938
4605
6943
6930
4613
6944
6946
4619
6948
6949
4621
6951
