18
2
3
4
5
8
9
1752
0
10
1754
6
7
11
12
1753
1
13
1751
1755
19
26
27
1760
15
28
1764
20
21
29
30
1761
14
31
1757
1765
22
23
32
33
1762
17
34
1749
1766
24
25
35
36
1763
16
37
1759
1750
1767
42
43
50
51
1772
39
52
1776
44
45
53
54
1773
38
55
1769
1777
46
47
56
57
1774
41
58
1756
1778
48
49
59
60
1775
40
61
1771
1758
1779
80
81
82
83
329
330
331
332
333
334
335
336
337
338
339
340
341
342
343
344
377
378
379
380
381
382
383
384
385
386
387
388
389
390
391
392
425
426
427
428
429
430
431
432
433
434
435
436
437
438
439
440
288
289
290
291
292
293
294
295
296
297
298
299
778
779
784
785
790
791
796
797
802
803
808
809
814
815
820
821
826
827
832
833
838
839
844
845
850
851
856
857
862
863
868
869
1062
1063
1068
1069
1074
1075
1080
1081
1086
1087
1092
1093
1098
1099
1104
1105
1110
1111
1116
1117
1122
1123
1128
1129
1134
1135
1140
1141
1146
1147
1152
1153
68
69
72
73
1784
70
71
94
95
96
97
98
99
100
101
118
119
120
121
122
123
124
125
2580
2582
2584
142
143
2586
2588
2590
144
145
2592
2594
2596
146
147
2598
2600
2602
148
149
2604
2606
2608
166
167
2610
2612
2614
168
169
2616
2618
2620
170
171
2622
2624
2626
172
173
2628
2630
2632
190
191
2634
2636
2638
192
193
2640
2642
2644
2646
2648
2650
2652
2654
2656
2658
2660
194
195
2662
2664
2666
2668
2670
2672
2674
2676
2678
196
197
2680
2682
2684
2686
2688
2690
2692
214
215
2694
2696
2698
2700
2702
216
217
2704
218
219
2706
220
221
2708
238
239
2710
240
241
2712
242
243
2714
244
245
2716
473
474
2718
475
476
2720
477
478
2722
479
480
2724
481
482
2726
483
484
2728
485
486
2730
487
488
2732
521
522
2734
523
524
2736
525
526
2738
527
528
2740
529
530
2742
531
532
2744
533
534
2746
535
536
2748
537
538
2750
539
540
2752
541
542
2754
543
544
2756
545
546
2758
547
548
2760
549
550
2762
551
552
2764
609
610
2766
611
612
2768
613
614
2770
615
616
2772
617
618
2774
619
620
2776
621
622
2778
623
624
2780
625
626
2782
627
628
2784
629
630
2786
631
632
2788
633
634
2790
635
636
2792
637
638
2794
639
640
2796
697
698
2798
699
700
2800
701
702
2802
703
704
2804
705
706
2806
707
708
2808
709
710
2810
711
712
2812
713
714
2814
715
716
2816
717
718
2818
719
720
2820
721
722
2822
723
724
2824
725
726
2826
727
728
2828
893
894
2830
895
896
2832
897
898
2834
899
900
2836
901
902
2838
903
904
2840
905
906
2842
907
908
2844
909
910
2846
911
912
2848
913
914
2850
915
916
2852
917
918
2854
919
920
2856
921
922
2858
923
924
2860
981
982
2862
983
984
2864
985
986
2866
987
988
2868
989
990
2870
991
992
2872
993
994
2874
995
996
2876
997
998
2878
999
1000
2880
1001
1002
2882
1003
1004
2884
1005
1006
2886
1007
1008
2888
1009
1010
2890
1011
1012
2892
1177
1178
2894
1179
1180
2896
1181
1182
2898
1183
1184
2900
1185
1186
2902
1187
1188
2904
1189
1190
2906
1191
1192
2908
1225
1226
2910
1227
1228
2912
1229
1230
2914
1231
1232
2916
1233
1234
2918
1235
1236
2920
1237
1238
2922
1239
1240
2924
1241
1242
2926
1243
1244
2928
1245
1246
2930
1247
1248
2932
1249
1250
2934
1251
1252
2936
1253
1254
2938
1255
1256
2940
1313
1314
2942
1315
1316
2944
1317
1318
2946
1319
1320
2948
1321
1322
2950
1323
1324
2952
1325
1326
2954
1327
1328
2956
1329
1330
2958
1331
1332
2960
1333
1334
2962
1335
1336
2964
1337
1338
2966
1339
1340
2968
1341
1342
2970
1343
1344
2972
1401
1402
2974
1403
1404
2976
1405
1406
2978
1407
1408
2980
1409
1410
2982
1411
1412
2984
1413
1414
2986
1415
1416
2988
1417
1418
2990
1419
1420
2992
1421
1422
2994
1423
1424
2996
1425
1426
2998
1427
1428
3000
1429
1430
3002
1431
1432
3004
1489
1490
3006
1491
1492
3008
1493
1494
3010
1495
1496
3012
1497
1498
3014
1499
1500
3016
1501
1502
3018
1503
1504
3020
1505
1506
3022
1507
1508
3024
1509
1510
3026
1511
1512
3028
1513
1514
3030
1515
1516
3032
1517
1518
3034
1519
1520
3036
1577
1578
3038
1579
1580
3040
1581
1582
3042
1583
1584
3044
1585
1586
3046
1587
1588
3048
1589
1590
3050
1591
1592
3052
1593
1594
3054
1595
1596
3056
1597
1598
3058
1599
1600
3060
1601
1602
3062
1603
1604
3064
1605
1606
3066
1607
1608
3068
1665
1666
3070
1667
1668
3072
1669
1670
3074
1671
1672
3076
1673
1674
3078
1675
1676
3080
1677
1678
3082
1679
1680
3084
1681
1682
3086
1683
1684
3088
1685
1686
3090
1687
1688
3092
1689
1690
3094
1691
1692
3096
1693
1694
3098
1695
1696
3100
3102
262
263
3104
264
265
3106
266
267
3108
268
269
3110
3112
3114
3116
3118
3120
64
65
3122
3124
3126
3128
66
67
3130
3132
62
74
1786
75
76
1785
3134
3136
63
77
1787
84
85
1790
3138
3140
3142
3144
3146
3148
78
86
1792
87
88
1791
3150
3152
79
89
1782
1783
1793
102
103
1798
91
104
1802
105
106
1799
90
3154
3153
107
1795
1788
1803
108
3151
109
1800
93
110
1780
1804
111
3149
112
1801
92
3155
113
1797
1789
1781
1805
126
3147
127
1810
115
128
1814
129
3145
130
1811
114
131
1807
1815
132
3143
133
1812
117
134
1816
135
3141
136
1813
116
137
1809
1817
150
3139
151
1822
139
152
1826
153
3137
154
1823
138
155
1819
1794
1827
156
3135
157
1824
141
158
1806
1828
159
3133
160
1825
140
161
1821
1796
1808
1829
174
3131
175
1834
163
176
1838
177
3129
178
1835
162
179
1831
1839
180
3127
181
1836
165
182
1840
183
3125
184
1837
164
185
1833
1841
198
3123
199
1846
187
200
1850
201
3121
202
1847
186
3119
203
1843
1768
1851
204
3117
205
1848
189
206
1830
1852
207
3115
208
1849
188
3113
209
1832
1845
1770
1853
222
3103
223
1858
211
224
1862
225
2705
226
1859
210
227
1855
1863
228
2707
229
1860
213
230
1842
1864
231
2709
232
1861
212
233
1857
1844
1865
246
2711
247
1870
235
248
1874
249
2713
250
1871
234
251
1867
1875
252
2715
253
1872
237
254
1854
1876
255
2717
256
1873
236
257
1856
1869
1877
270
3105
271
1882
259
272
1886
273
3107
274
1883
258
275
1879
1887
276
3109
277
1884
261
278
1866
1888
279
3111
280
1885
260
281
1868
1881
1889
300
2703
301
1896
283
302
1902
303
2701
304
1897
282
305
1891
1903
318
1890
306
2699
307
1898
285
308
1904
309
2697
310
1899
284
311
1893
1905
319
1892
312
2695
313
1900
287
314
1906
315
2693
316
1901
286
317
1895
1907
320
1894
345
2691
346
1916
322
347
1924
348
2689
349
1917
321
350
1909
1925
351
2687
352
1918
324
353
1926
354
2685
355
1919
323
356
1911
1927
357
2683
358
1920
326
359
1928
360
2681
361
1921
325
362
1913
1929
363
2679
364
1922
328
365
1930
366
2677
367
1923
327
368
1915
1931
393
2675
394
1940
370
395
1948
396
2673
397
1941
369
398
1933
1949
399
2671
400
1942
372
401
1950
402
2669
403
1943
371
404
1935
1951
405
2667
406
1944
374
407
1952
408
2665
409
1945
373
410
1937
1953
411
2663
412
1946
376
413
1954
414
2661
415
1947
375
416
1939
1955
441
2659
442
1964
418
443
1972
444
2657
445
1965
417
446
1957
1973
447
2655
448
1966
420
449
1974
450
2653
451
1967
419
452
1959
1975
453
2651
454
1968
422
455
1976
456
2649
457
1969
421
458
1961
1977
459
2647
460
1970
424
461
1878
1978
462
2645
463
1971
423
464
1963
1880
1979
489
2719
490
1988
466
491
1996
492
2721
493
1989
465
494
1981
1997
495
2723
496
1990
468
497
1998
498
2725
499
1991
467
500
1983
1999
501
2727
502
1992
470
503
2000
504
2729
505
1993
469
506
1985
2001
507
2731
508
1994
472
509
2002
510
2733
511
1995
471
512
1987
2003
553
2735
554
2012
514
555
2028
556
2737
557
2013
558
2029
559
2739
560
2014
561
2030
562
2741
563
2015
513
564
2005
2031
565
2743
566
2016
516
567
2032
568
2745
569
2017
570
2033
571
2747
572
2018
573
2034
574
2749
575
2019
515
576
2007
2035
577
2751
578
2020
518
579
2036
580
2753
581
2021
582
2037
583
2755
584
2022
585
2038
586
2757
587
2023
517
588
2009
2039
589
2759
590
2024
520
591
1980
2040
592
2761
593
2025
594
1982
2041
595
2763
596
2026
597
1984
2042
598
2765
599
2027
519
600
2011
1986
2043
641
2767
642
2052
602
643
2068
644
2769
645
2053
646
2069
647
2771
648
2054
649
2070
650
2773
651
2055
601
652
2045
2071
653
2775
654
2056
604
655
2072
656
2777
657
2057
658
2073
659
2779
660
2058
661
2074
662
2781
663
2059
603
664
2047
2075
665
2783
666
2060
606
667
2076
668
2785
669
2061
670
2077
671
2787
672
2062
673
2078
674
2789
675
2063
605
676
2049
2079
677
2791
678
2064
608
679
2080
680
2793
681
2065
682
2081
683
2795
684
2066
685
2082
686
2797
687
2067
607
688
2051
2083
729
2799
730
2092
690
731
2108
732
2801
733
2093
734
2109
735
2803
736
2094
737
2110
738
2805
739
2095
689
740
2085
1908
2111
741
2807
742
2096
692
743
2112
744
2809
745
2097
746
2113
747
2811
748
2098
749
2114
750
2813
751
2099
691
752
2087
1910
2115
753
2815
754
2100
694
755
2116
756
2817
757
2101
758
2117
759
2819
760
2102
761
2118
762
2821
763
2103
693
764
2089
1912
2119
765
2823
766
2104
696
767
2044
2120
768
2825
769
2105
770
2046
2121
771
2827
772
2106
773
2048
2122
774
2829
775
2107
695
776
2091
2050
1914
2123
780
2643
781
2125
777
782
2126
786
2641
787
2128
783
788
2129
792
2639
793
2131
789
794
2132
798
2637
799
2134
795
800
2135
804
2635
805
2137
801
806
2138
810
2633
811
2140
807
812
2141
816
2631
817
2143
813
818
2144
822
2629
823
2146
819
824
2147
828
2627
829
2149
825
830
2150
834
2625
835
2152
831
836
2153
840
2623
841
2155
837
842
2156
846
2621
847
2158
843
848
2159
852
2619
853
2161
849
854
2084
2162
858
2617
859
2164
855
860
2086
2165
864
2615
865
2167
861
866
2088
2168
870
2613
871
2170
867
872
2090
2171
925
2831
926
2188
886
927
2204
928
2833
929
2189
930
2205
931
2835
932
2190
933
2206
934
2837
935
2191
937
2839
938
2192
888
939
2208
940
2841
941
2193
942
2209
943
2843
944
2194
945
2210
946
2845
947
2195
949
2847
950
2196
890
951
2212
952
2849
953
2197
954
2213
955
2851
956
2198
957
2214
958
2853
959
2199
3156
961
2855
962
2200
892
963
2004
2216
964
2857
965
2201
966
2006
2217
967
2859
968
2202
969
2008
2218
970
2861
971
2203
3158
1013
2863
1014
2228
3160
1016
2865
1017
2229
3162
1019
2867
1020
2230
3164
1022
2869
1023
2231
3166
1025
2871
1026
2232
3168
1028
2873
1029
2233
3170
1031
2875
1032
2234
3172
1034
2877
1035
2235
3174
1037
2879
1038
2236
3176
1040
2881
1041
2237
3178
1043
2883
1044
2238
3180
1046
2885
1047
2239
3182
1049
2887
1050
2240
3184
1052
2889
1053
2241
3186
1055
2891
1056
2242
3188
1058
2893
1059
2243
1064
2611
1065
2261
3190
1070
2609
1071
2264
3192
1076
2607
1077
2267
3194
1082
2605
1083
2270
3196
1088
2603
1089
2273
3198
1094
2601
1095
2276
3200
1100
2599
1101
2279
3202
1106
2597
1107
2282
3204
1112
2595
1113
2285
3206
1118
2593
1119
2288
3208
1124
2591
1125
2291
3210
1130
2589
1131
2294
3212
1136
2587
1137
2297
3214
1142
2585
1143
2300
3216
1148
2583
1149
2303
3218
1154
2581
1155
2306
3220
3222
1193
2895
1194
2324
3224
3226
3228
3230
3232
3234
3236
3238
3240
3242
3244
3246
3248
3250
3252
3254
3256
3258
3260
3262
1170
1195
2332
1196
2897
1197
2325
3264
1199
2899
1200
2326
3266
1172
1201
2334
1202
2901
1203
2327
3268
1205
2903
1206
2328
3270
1174
1207
2336
1208
2905
1209
2329
3272
1211
2907
1212
2330
3274
1176
1213
1818
2338
1214
2909
1215
2331
3276
1257
2911
1258
2348
3278
1260
2913
1261
2349
3280
1263
2915
1264
2350
3282
1266
2917
1267
2351
3284
1269
2919
1270
2352
3286
1272
2921
1273
2353
3288
1275
2923
1276
2354
3290
1278
2925
1279
2355
3292
1281
2927
1282
2356
3294
1284
2929
1285
2357
3296
1287
2931
1288
2358
3298
1290
2933
1291
2359
3300
1293
2935
1294
2360
3302
1296
2937
1297
2361
3304
1299
2939
1300
2362
3306
1302
2941
1303
2363
3308
1345
2943
1346
2388
3310
1348
2945
1349
2389
3312
1351
2947
1352
2390
3314
1354
2949
1355
2391
3316
1357
2951
1358
2392
3318
1360
2953
1361
2393
3320
1363
2955
1364
2394
3322
1366
2957
1367
2395
3324
1369
2959
1370
2396
3326
1372
2961
1373
2397
3328
1375
2963
1376
2398
3330
1378
2965
1379
2399
3332
1381
2967
1382
2400
3334
1384
2969
1385
2401
3336
1387
2971
1388
2402
3338
1390
2973
1391
2403
3340
1433
2975
1434
2428
3342
1436
2977
1437
2429
3344
1439
2979
1440
2430
3346
1442
2981
1443
2431
3348
1445
2983
1446
2432
3350
1448
2985
1449
2433
3352
1451
2987
1452
2434
3354
1454
2989
1455
2435
3356
1457
2991
1458
2436
3358
1460
2993
1461
2437
3360
1463
2995
1464
2438
3362
1466
2997
1467
2439
3364
1469
2999
1470
2440
3366
1472
3001
1473
2441
3368
1475
3003
1476
2442
3370
1478
3005
1479
2443
3372
1521
3007
1522
2468
3374
1524
3009
1525
2469
3376
1527
3011
1528
2470
3378
1530
3013
1531
2471
3380
1533
3015
1534
2472
3382
1536
3017
1537
2473
3384
1539
3019
1540
2474
3386
1542
3021
1543
2475
3388
1545
3023
1546
2476
3390
1548
3025
1549
2477
3392
1551
3027
1552
2478
3394
1554
3029
1555
2479
3396
1557
3031
1558
2480
3398
1560
3033
1561
2481
3400
1563
3035
1564
2482
3402
1566
3037
1567
2483
3404
1609
3039
1610
2508
3406
1612
3041
1613
2509
3408
1615
3043
1616
2510
3410
1618
3045
1619
2511
3412
1621
3047
1622
2512
3414
1624
3049
1625
2513
3416
1627
3051
1628
2514
3418
1630
3053
1631
2515
3420
1633
3055
1634
2516
3422
1636
3057
1637
2517
3424
1639
3059
1640
2518
3426
1642
3061
1643
2519
3428
1645
3063
1646
2520
3430
1648
3065
1649
2521
3432
1651
3067
1652
2522
3434
1654
3069
1655
2523
3436
1697
3071
1698
2548
3438
1700
3073
1701
2549
3440
1703
3075
1704
2550
3442
1706
3077
1707
2551
3444
1709
3079
1710
2552
3446
1712
3081
1713
2553
3448
1715
3083
1716
2554
3450
1718
3085
1719
2555
3452
1721
3087
1722
2556
3454
1724
3089
1725
2557
3456
1727
3091
1728
2558
3458
1730
3093
1731
2559
3460
1733
3095
1734
2560
3462
1736
3097
1737
2561
3464
1739
3099
1740
2562
3466
1742
3101
1743
2563
873
874
875
2173
2124
2136
2148
2160
885
936
2181
2172
2207
974
1015
2244
976
3169
1027
2248
978
3177
1039
2252
980
3185
1051
2180
2256
876
3468
877
878
2175
2127
2139
2151
2163
887
3161
3263
948
2183
2174
2211
3163
1018
2245
3171
1030
2249
3179
1042
2253
3187
1054
2182
2257
879
880
3255
3257
3259
3261
881
2177
2130
2142
2154
2166
889
3157
3253
960
2185
2176
2215
3165
1021
2246
3173
1033
2250
3181
1045
2254
3189
1057
2184
2258
882
883
3245
3247
3249
3251
884
2179
2133
2145
2157
2169
891
3159
3243
972
2187
2178
2010
2219
973
3167
3241
1024
2221
1932
2247
975
3175
3239
1036
2223
1934
2251
977
3183
3237
1048
2225
1936
2255
979
3223
3235
1060
2227
2186
1938
2259
1061
3191
1066
2262
1067
3193
1072
2265
1073
3195
1078
2268
1079
3197
1084
2271
1085
3199
1090
2274
1091
3201
1096
2277
1097
3203
1102
2280
1103
3205
1108
2283
1109
3207
1114
2286
1115
3209
1120
2289
1121
3211
1126
2292
1127
3213
1132
2295
1133
3215
1138
2220
2298
1139
3217
1144
2222
2301
1145
3219
1150
2224
2304
1151
3221
1156
2226
2307
3470
1157
3472
3474
3476
3478
3480
3482
3484
3486
3488
3490
3492
3494
1158
3495
1159
2309
2260
2272
2284
2296
1169
3233
3265
3267
1198
2317
2308
2333
1218
3279
1259
2364
1220
3287
1271
2368
3496
1222
3295
1283
2372
3498
1224
3303
1295
2316
2376
3500
1160
1161
3487
3489
3491
3502
3493
1162
2311
2263
2275
2287
2299
1171
3269
3271
1204
2319
2310
2335
3281
3503
1262
2365
3289
3497
1274
2369
3297
3504
3499
1286
2373
3305
3506
3501
1298
2318
2377
3508
1163
1164
3479
3481
3483
3510
3485
1165
2313
2266
2278
2290
2302
1173
3273
3275
1210
2321
2312
2337
3283
3511
1265
2366
3291
3505
1277
2370
3299
3512
3507
1289
2374
3307
3514
3509
1301
2320
2378
3516
1166
1167
3471
3473
3475
3518
3477
1168
2315
2269
2281
2293
2305
1175
3277
3469
1216
2323
2314
1820
2339
1217
3285
3519
1268
2341
2367
1219
3293
3513
1280
2343
2371
1221
3301
3515
1292
2345
2375
1223
3309
3517
1304
2347
2322
2379
1306
3311
1347
2404
3313
1350
2405
3315
1353
2406
1305
3231
3317
1356
2381
1956
2407
1308
3319
1359
2408
3321
1362
2409
3323
1365
2410
1307
3229
3325
1368
2383
1958
2411
1310
3327
1371
2412
3329
1374
2413
3331
1377
2414
3520
1309
3227
3333
1380
2385
1960
2415
1312
3335
1383
2340
2416
3337
1386
2342
2417
3339
1389
2344
2418
1311
3225
3341
1392
2387
2346
1962
2419
1394
3343
1435
2444
3345
3521
1438
2445
3347
1441
2446
1393
3349
1444
2421
2447
1396
3351
1447
2448
3353
1450
2449
3355
1453
2450
3522
1395
3357
1456
2423
2451
1398
3359
1459
2452
3361
1462
2453
3363
1465
2454
3524
1397
3365
1468
2425
2455
1400
3367
1471
2380
2456
3369
1474
2382
2457
3371
1477
2384
2458
3526
1399
3373
1480
2427
2386
2459
1482
3375
3523
1523
2484
3377
3525
1526
2485
3379
3528
3527
1529
2486
3530
1481
3381
1532
2461
2487
1484
3383
1535
2488
3385
3532
3529
1538
2489
3387
3534
3531
1541
2490
3536
1483
3389
1544
2463
2491
1486
3391
1547
2492
3393
3538
3535
1550
2493
3395
3540
3537
1553
2494
3542
1485
3397
1556
2465
2495
1488
3399
1559
2420
2496
3401
3541
1562
2422
2497
3403
3543
1565
2424
2498
1487
3405
1568
2467
2426
2499
1570
3407
3533
1611
2524
3409
3544
3539
1614
2525
3411
1617
2526
3546
1569
3413
1620
2501
2527
1572
3415
3548
3545
1623
2528
3417
1626
2529
3419
3550
3547
1629
2530
3552
1571
3421
1632
2503
2531
1574
3423
1635
2532
3425
3554
3551
1638
2533
3427
3556
3553
1641
2534
3558
1573
3429
1644
2505
2535
1576
3431
1647
2460
2536
3433
3557
1650
2462
2537
3435
3559
1653
2464
2538
1575
3437
1656
2507
2466
2539
1658
3439
3549
1699
2564
3441
3560
3555
1702
2565
3443
1705
2566
3562
1657
3445
1708
2541
2567
1745
2540
1660
3447
3561
1711
2568
3449
1714
2569
3451
3564
3563
1717
2570
3566
1659
3453
1720
2543
2571
1746
2542
1662
3455
1723
2572
3457
3565
1726
2573
3459
3568
3567
1729
2574
3570
1661
3461
1732
2545
2575
1747
2544
1664
3463
1735
2500
2576
3465
3569
1738
2502
2577
3467
3571
1741
2504
2578
1663
1744
2547
2506
2579
1748
2546
