46
1
3
5
7
2
4
6
8
0
9
1147
1148
10
12
14
16
11
13
15
17
18
1151
1152
19
21
1144
20
22
26
27
1153
28
29
1157
30
31
36
38
1158
40
42
37
39
41
43
35
44
1165
1166
53
54
1162
48
50
1163
47
49
51
45
52
1169
1170
55
56
1167
61
63
58
59
60
62
57
64
1175
1176
68
70
65
66
67
69
71
1178
1179
72
74
1173
73
75
79
80
1180
81
82
1184
83
84
92
94
89
90
1185
91
93
88
95
1191
1192
102
103
1189
97
99
1190
98
100
96
101
1194
1195
104
105
1193
110
112
107
108
109
111
106
113
1200
1201
117
119
114
115
116
118
120
1203
1204
1716
121
123
1198
1718
122
124
1720
128
129
1205
130
131
1209
132
133
141
143
138
139
1210
140
142
137
144
1216
1217
151
152
1214
146
148
1215
147
149
145
150
1219
1220
1722
153
154
1218
159
161
1146
156
157
158
160
155
162
1225
1226
166
168
1150
163
164
165
167
169
1228
1229
1724
170
172
1223
1726
171
173
1728
177
178
1230
179
180
1234
181
182
190
192
1164
187
188
1235
189
191
186
193
1241
1242
200
201
1239
195
197
1240
196
198
1168
194
199
1244
1245
1730
202
203
1243
207
209
205
206
208
210
204
211
1250
1251
214
216
212
213
215
217
218
1253
1254
1732
219
221
1248
1734
220
222
1736
226
227
1255
228
229
1259
230
231
252
254
1260
256
258
253
255
257
259
251
260
1275
1276
269
271
1272
264
266
1273
262
263
265
267
261
268
1279
1280
1738
273
275
1277
286
288
287
289
285
290
1290
1291
291
293
292
294
295
1292
1293
1740
296
298
1289
1742
297
299
1744
303
304
1294
305
306
1298
307
308
332
334
329
330
1299
331
333
328
335
1313
1314
342
344
1311
337
339
1312
338
340
336
341
1316
1317
1746
346
348
1315
359
361
360
362
358
363
1327
1328
364
366
365
367
368
1329
1330
1748
369
371
1326
1750
370
372
1752
376
377
1331
378
379
1335
380
381
405
407
402
403
1336
404
406
401
408
1350
1351
415
417
1348
410
412
1349
411
413
409
414
1353
1354
1754
419
421
1352
432
434
433
435
1249
431
436
1364
1365
437
439
438
440
1252
441
1366
1367
1756
442
444
1363
1758
443
445
1760
449
450
1368
451
452
1372
453
454
478
480
1274
475
476
1373
477
479
474
481
1387
1388
488
490
1385
483
485
1386
484
486
1278
482
487
1390
1391
1762
492
494
1389
507
509
505
506
508
510
504
511
1402
1403
514
516
512
513
515
517
518
1405
1406
1764
519
521
1400
1766
520
522
1768
526
527
1407
528
529
1411
530
531
552
554
1412
556
558
553
555
557
559
551
560
1427
1428
569
571
1424
564
566
1425
562
563
565
567
561
568
1431
1432
1770
573
575
1429
586
588
587
589
585
590
1442
1443
591
593
592
594
595
1444
1445
1772
596
598
1441
1774
597
599
1776
603
604
1446
605
606
1450
607
608
632
634
629
630
1451
631
633
628
635
1465
1466
642
644
1463
637
639
1464
638
640
636
641
1468
1469
1778
646
648
1467
659
661
660
662
658
663
1479
1480
664
666
665
667
668
1481
1482
1780
669
671
1478
1782
670
672
1784
676
677
1483
678
679
1487
680
681
705
707
702
703
1488
704
706
701
708
1502
1503
715
717
1500
710
712
1501
711
713
709
714
1505
1506
1786
719
721
1504
732
734
733
735
1401
731
736
1516
1517
737
739
738
740
1404
741
1518
1519
1788
742
744
1515
1790
743
745
1792
749
750
1520
751
752
1524
753
754
778
780
1426
775
776
1525
777
779
774
781
1539
1540
788
790
1537
783
785
1538
784
786
1430
782
787
1542
1543
1794
792
794
1541
807
809
1145
805
806
808
810
804
811
1554
1555
814
816
1149
812
813
815
817
818
1557
1558
1796
819
821
1552
1798
820
822
1800
826
827
1559
828
829
1563
830
831
852
854
1564
856
858
853
855
857
859
851
860
1579
1580
869
871
1576
864
866
1577
862
863
865
867
861
868
1583
1584
1802
873
875
1581
896
898
1174
897
899
895
900
1597
1598
901
903
1177
902
904
905
1599
1600
1804
906
908
1596
1806
907
909
1808
913
914
1601
915
916
1605
917
918
942
944
939
940
1606
941
943
938
945
1620
1621
952
954
1618
947
949
1619
948
950
946
951
1623
1624
1810
956
958
1622
979
981
1199
980
982
978
983
1637
1638
984
986
1202
985
987
988
1639
1640
1812
989
991
1636
1814
990
992
1816
996
997
1641
998
999
1645
1000
1001
1025
1027
1022
1023
1646
1024
1026
1021
1028
1660
1661
1035
1037
1658
1030
1032
1659
1031
1033
1029
1034
1663
1664
1818
1039
1041
1662
1062
1064
1224
1063
1065
1553
1061
1066
1677
1678
1067
1069
1227
1068
1070
1556
1071
1679
1680
1820
1072
1074
1676
1822
1073
1075
1824
1079
1080
1681
1081
1082
1685
1083
1084
1108
1110
1578
1105
1106
1686
1107
1109
1104
1111
1700
1701
1118
1120
1698
1113
1115
1699
1114
1116
1582
1112
1117
1703
1704
1826
1122
1124
1702
1828
23
24
25
1156
1154
32
33
34
1159
1161
76
77
78
1183
1181
85
86
87
1186
1188
125
126
127
1208
1206
134
135
1729
136
1211
1213
174
175
1737
176
1233
1231
183
184
1735
185
1236
1238
223
224
1745
225
1258
1256
235
236
237
238
1155
239
240
1265
241
242
1257
243
244
1267
247
248
1160
277
1727
278
1171
279
1721
280
1172
1266
270
1743
272
1281
281
282
1282
1285
274
1741
276
1283
283
284
1284
1286
232
233
1739
234
1261
1263
245
246
1262
1268
249
250
1269
1270
300
301
1753
302
1297
1295
312
313
314
315
1182
316
317
1304
318
319
1296
320
321
1306
324
325
1187
350
1719
351
1196
352
1717
353
1197
1305
343
1830
1751
345
1318
354
355
1319
1322
347
1749
349
1320
356
357
1321
1323
309
310
1747
311
1300
1302
322
323
1301
1307
326
327
1308
1309
373
374
1761
375
1334
1332
385
386
387
388
1207
389
390
1341
391
392
1333
393
394
1343
397
398
1212
423
1723
424
1221
425
1832
1725
426
1222
1342
416
1834
1836
1759
418
1355
427
428
1356
1359
420
1757
422
1357
429
430
1358
1360
382
383
1755
384
1337
1339
395
396
1338
1344
399
400
1345
1346
446
447
1769
448
1371
1369
458
459
460
461
1232
462
463
1378
464
465
1370
466
467
1380
470
471
1237
496
1731
497
1246
498
1838
1840
1733
499
1247
1379
489
1842
1767
491
1392
500
501
1393
1396
493
1765
495
1394
502
503
1395
1397
455
456
1763
457
1374
1376
468
469
1375
1381
472
473
1382
1383
523
524
1777
525
1410
1408
535
536
537
538
1264
539
540
1417
541
542
1409
543
544
1419
547
548
1271
577
578
1287
579
580
1288
1418
570
1775
572
1433
581
582
1434
1437
574
1773
576
1435
583
584
1436
1438
532
533
1771
534
1413
1415
545
546
1414
1420
549
550
1421
1422
600
601
1785
602
1449
1447
612
613
614
615
1303
616
617
1456
618
619
1448
620
621
1458
624
625
1310
650
651
1324
652
1837
653
1325
1457
643
1844
1846
1783
645
1470
654
655
1471
1474
647
1781
649
1472
656
657
1473
1475
609
610
1779
611
1452
1454
622
623
1453
1459
626
627
1460
1461
673
674
1793
675
1486
1484
685
1835
686
687
688
1340
689
690
1493
691
692
1485
693
694
1495
697
698
1347
723
1843
724
1361
725
1848
1850
1841
726
1362
1494
716
1852
1791
718
1507
727
728
1508
1511
720
1789
722
1509
729
730
1510
1512
682
683
1787
684
1489
1491
695
696
1490
1496
699
700
1497
1498
746
747
1801
748
1523
1521
758
1839
759
760
761
1377
762
763
1530
764
765
1522
766
767
1532
770
771
1384
796
797
1398
798
799
1399
1531
789
1799
791
1544
800
801
1545
1548
793
1797
795
1546
802
803
1547
1549
755
756
1795
757
1526
1528
768
769
1527
1533
772
773
1534
1535
823
824
1809
825
1562
1560
835
836
894
837
838
1416
839
840
1569
841
842
1561
1568
843
844
1571
847
848
1423
877
878
1439
879
1847
880
1440
1570
870
1854
1807
872
1585
881
882
1586
1589
874
1805
876
1587
883
884
1588
1590
832
833
1803
834
1565
1567
845
846
1566
1572
849
850
1573
1574
893
885
886
1575
887
888
1591
891
1594
889
890
1592
1593
892
1595
910
911
1817
912
1604
1602
922
1845
923
977
924
925
1455
926
927
1611
928
929
1603
1610
930
931
1613
934
935
1462
960
1853
961
1476
962
1851
963
1477
1612
953
1815
955
1625
964
965
1626
1629
957
1813
959
1627
966
967
1628
1630
919
920
1811
921
1607
1609
932
933
1608
1614
936
937
1615
1616
976
968
969
1617
970
971
1631
974
1634
972
973
1632
1633
975
1635
993
994
1825
995
1644
1642
1005
1849
1006
1060
1007
1008
1492
1009
1010
1651
1011
1012
1643
1650
1013
1014
1653
1017
1018
1499
1043
1044
1513
1045
1046
1514
1652
1036
1823
1038
1665
1047
1048
1666
1669
1040
1821
1042
1667
1049
1050
1668
1670
1002
1003
1819
1004
1647
1649
1015
1016
1648
1654
1019
1020
1655
1656
1059
1051
1052
1657
1053
1054
1671
1057
1674
1055
1056
1672
1673
1058
1675
1076
1077
1833
1078
1684
1682
1088
1089
1143
1090
1091
1529
1092
1093
1691
1094
1095
1683
1690
1096
1097
1693
1100
1101
1536
1126
1127
1550
1128
1855
1129
1551
1692
1119
1831
1121
1705
1130
1131
1706
1709
1123
1829
1125
1707
1132
1133
1708
1710
1085
1086
1827
1087
1687
1689
1098
1099
1688
1694
1102
1103
1695
1696
1142
1134
1135
1697
1136
1137
1711
1140
1714
1138
1139
1712
1713
1141
1715
